4666
4426
3814
3917
2406
1000
1000
1000
2153
2480
1000
3261
1000
2655
3084
2929
1000
1000
2939
1000
3837
4279
1000
2118
1000
4545
4855
1000
1000
1000
1000
1000
1000
3985
1000
2589
4079
4390
1000
3411
2019
3949
2074
3088
4768
1000
3187
1000
1000
2475
2816
1000
1000
1000
1000
3769
1000
2998
4371
4216
3058
2204
1000
2027
4870
1000
2173
2180
4015
1000
1000
3113
4199
1000
3414
1000
4810
1000
1000
2715
1000
2819
3613
4487
1000
1000
1000
3646
4825
3878
1000
1000
1000
4715
4058
3491
4213
1000
3934
4663
1000
4145
2080
1000
1000
1000
2052
3392
1000
1000
4385
1000
1000
1000
1000
2613
1000
2096
4491
3107
1000
1000
2424
4163
4561
2666
4727
1000
3037
1000
1000
3828
1000
2292
1000
1000
3094
4005
4503
1000
4484
2162
4568
2045
3208
2398
1000
3803
3511
1000
2461
1000
2345
4866
3420
3011
1000
3294
1000
4226
2807
3304
1000
2152
3096
4724
1000
1000
1000
1000
4701
1000
3252
2702
1000
1000
1000
2581
4553
3493
4533
4798
2970
4103
4425
2865
1000
3311
1000
2254
3212
1000
1000
3588
2608
3880
1000
2981
2540
3786
2072
2285
2852
3056
4527
1000
4203
4801
3643
4613
4044
1000
4707
1000
1000
4415
1000
3525
4923
1000
1000
4129
1000
3692
4627
2184
3077
2834
1000
1000
1000
1000
1000
2633
1000
1000
3732
4246
3963
1000
3022
2941
1000
3371
1000
4419
3126
3492
2637
1000
3649
4038
4156
3808
4620
1000
4759
2680
3443
3812
3199
1000
2156
1000
4504
1000
4143
1000
1000
4353
1000
4227
1000
1000
4146
2996
2209
1000
1000
2913
2954
2393
3468
3391
4136
2380
2774
4508
1000
1000
1000
3948
4830
4849
1000
1000
3507
1000
2958
1000
2028
3302
4638
3083
4242
1000
4392
2705
1000
1000
1000
2914
2746
1000
2997
3324
1000
2232
2425
1000
3631
4573
1000
1000
1000
1000
2344
1000
1000
1000
4948
1000
2081
1000
3722
4078
2618
1000
1000
1000
1000
2300
3245
2353
3383
1000
3031
1000
1000
3716
3135
3189
2828
2119
3787
2334
2606
1000
2316
3462
2255
1000
1000
1000
3300
3325
4231
1000
1000
3730
1000
4521
4377
1000
2410
1000
2371
4824
3284
1000
3421
4288
3111
2293
4198
2771
1000
1000
1000
1000
1000
2514
2561
2108
3793
2948
4302
1000
2089
1000
3569
4172
1000
2221
4593
1000
1000
1000
3813
3359
1000
4896
1000
1000
2708
1000
1000
1000
1000
4745
4880
1000
1000
2002
3580
4837
2247
2738
2871
3552
2058
2229
1000
2362
2742
2988
3159
1000
2448
2365
2539
2776
2084
1000
1000
4009
2699
1000
4640
1000
1000
1000
2832
3052
3362
4758
2264
1000
2113
1000
2359
1000
3822
2452
4738
3374
1000
1000
3496
1000
3694
3929
1000
1000
1000
2455
1000
1000
2622
3939
4741
1000
1000
4175
2846
2281
1000
1000
2168
1000
1000
3254
3759
4648
2102
2331
4575
4673
2415
2765
3249
1000
2582
1000
4073
4750
1000
1000
1000
3003
2505
4766
1000
1000
1000
1000
2966
1000
1000
3278
1000
3441
3516
1000
2041
1000
2833
1000
3416
1000
2116
4042
4405
1000
3560
2192
1000
2670
4367
1000
3662
1000
2850
3120
1000
3924
4959
1000
3155
1000
4574
4742
1000
1000
1000
4899
4130
4457
1000
3539
2484
1000
3453
2541
3869
4961
4179
4066
1000
3330
3480
2848
1000
1000
2328
3299
4221
1000
4135
1000
1000
1000
1000
3753
1000
1000
3523
4516
4767
1000
1000
4610
4861
4941
4900
3334
3165
3274
1000
2070
1000
2079
1000
4596
1000
1000
1000
1000
4077
1000
4794
2992
3028
1000
3778
2042
1000
2294
3041
2090
4365
2953
3644
1000
1000
4818
3864
4597
1000
2748
4336
1000
2435
4659
4904
1000
2270
4646
4924
1000
1000
2838
2945
1000
1000
4821
1000
1000
1000
4064
4964
1000
2760
2526
4860
1000
4513
1000
1000
1000
4987
4303
4434
1000
1000
1000
3839
1000
2022
4993
1000
1000
4276
1000
1000
3811
1000
1000
2744
2446
2906
3579
1000
1000
1000
1000
1000
1000
2741
2142
1000
2468
1000
2756
1000
3806
3978
1000
1000
2543
3679
1000
2498
3997
4105
1000
2161
3658
4148
1000
2478
4304
4844
1000
1000
1000
1000
4092
2205
1000
4123
1000
4417
3798
1000
1000
2923
4871
1000
2713
2545
1000
4978
1000
1000
1000
2647
4699
1000
1000
1000
4658
1000
4430
1000
3845
4506
4333
4806
3323
3490
2352
1000
2039
1000
4006
4443
2813
2141
4611
1000
4888
2440
3505
4928
1000
1000
1000
2347
3246
3623
3204
2405
1000
1000
1000
2984
3029
2950
2736
1000
1000
1000
2465
2925
1000
1000
3007
3823
1000
3704
2200
1000
2667
1000
1000
1000
2445
4350
4832
1000
3755
4396
1000
2663
4127
1000
3354
2129
4962
4311
4314
1000
4947
1000
1000
2565
1000
1000
2421
1000
1000
1000
2562
2911
3367
4600
1000
2823
1000
2615
4802
3097
1000
2815
1000
4285
3922
2395
4280
1000
2763
1000
1000
1000
2764
4996
2631
1000
1000
2025
4027
1000
2049
2068
2176
4384
1000
1000
1000
2169
3089
4372
2845
4374
1000
1000
4218
4391
4955
1000
2534
4087
1000
3385
3832
4397
1000
2989
1000
2656
1000
1000
3719
3399
1000
3415
1000
1000
1000
1000
2299
1000
4913
1000
4619
1000
3980
1000
2494
3540
4755
2320
1000
1000
1000
4792
3742
4576
4770
4735
1000
2011
2782
1000
1000
3954
1000
4018
2290
1000
2967
4549
4708
2926
1000
1000
1000
2640
4653
2627
3664
1000
1000
1000
3695
4294
1000
3332
1000
1000
1000
4944
2397
4968
2183
4208
1000
4293
4266
4642
1000
2609
1000
3962
4258
1000
1000
4256
4493
3427
3497
1000
2860
1000
4564
1000
1000
3394
4224
3124
4261
2117
2323
4075
1000
3310
1000
3292
2165
3459
1000
1000
1000
4031
1000
1000
1000
3045
1000
4816
2148
1000
1000
1000
1000
1000
1000
1000
1000
1000
1000
3404
2568
1000
3170
1000
3209
1000
4453
1000
1000
1000
2674
4362
1000
2638
1000
3681
1000
3014
3436
1000
3012
3848
1000
3293
1000
4368
1000
2694
1000
2098
4033
2881
1000
1000
3387
1000
1000
2330
1000
4048
1000
2653
1000
2218
4139
3475
4958
1000
2449
1000
1000
2553
2536
1000
3872
1000
1000
4789
1000
1000
2900
1000
3078
1000
1000
2000
2109
3463
2146
3950
4436
4582
1000
1000
2628
3977
2242
3686
2127
4641
2024
4737
1000
2700
1000
3616
1000
3128
3533
2676
4526
1000
1000
2516
4519
1000
1000
4916
1000
1000
1000
1000
3005
1000
2063
2249
3312
1000
2230
4334
3919
1000
2065
4943
1000
3070
1000
2947
4512
2389
2719
3782
1000
4243
2572
3663
4942
1000
3599
3063
4691
2779
1000
1000
1000
4891
2155
1000
2978
3818
4030
1000
2188
2778
1000
1000
1000
2922
1000
3794
1000
3503
3102
3079
3783
1000
2381
4784
1000
1000
1000
3526
4176
1000
1000
2458
1000
3168
3901
3206
3900
1000
2525
3306
1000
1000
3435
4348
1000
1000
1000
2634
1000
1000
4068
1000
1000
1000
2789
4518
4859
2917
1000
4024
4109
1000
2938
1000
3619
2159
3617
2003
2578
3688
2130
3247
4934
1000
3343
2488
4162
3198
2730
1000
4020
1000
1000
1000
3683
1000
4446
1000
2075
3531
4622
4378
4284
2342
2552
4200
3701
3201
4098
1000
3042
2443
1000
4249
4344
4917
4282
1000
2246
1000
3795
2812
2747
4668
3827
1000
1000
1000
4606
1000
1000
1000
1000
2636
1000
3315
1000
1000
2326
2936
1000
2123
1000
4751
1000
4229
3174
3780
2252
1000
3966
2138
1000
1000
3689
1000
3069
3019
4169
1000
1000
3062
2001
2034
3082
3350
3667
1000
1000
3558
1000
2908
3809
1000
3264
1000
1000
2029
3546
1000
1000
1000
2140
1000
2490
1000
4532
1000
3961
2592
2005
2364
2489
3035
1000
3149
1000
1000
2786
4315
1000
3717
3567
1000
4783
3081
1000
4967
1000
1000
3680
3573
1000
1000
3702
3863
4245
1000
2888
1000
4850
3237
4113
1000
1000
1000
2366
4173
4170
4868
3669
1000
1000
4345
4361
4421
4709
1000
4081
1000
3054
3182
2825
1000
1000
2895
3991
1000
2688
3908
1000
2210
1000
3488
4286
4495
4898
4977
1000
4623
1000
1000
3670
1000
3192
1000
1000
1000
4817
4819
3673
1000
1000
3568
4499
3364
1000
2879
4239
1000
1000
1000
3408
1000
1000
2203
1000
1000
1000
3164
3563
1000
3682
3976
3606
4985
1000
2100
4841
1000
2955
4680
4885
2190
3438
1000
1000
1000
1000
1000
1000
1000
3903
1000
1000
3214
1000
1000
3218
4277
1000
3072
1000
4432
1000
1000
3467
4815
1000
3767
1000
3607
3964
4939
1000
1000
2657
1000
3773
3983
1000
1000
2243
3227
3205
3641
2399
1000
2207
1000
1000
3855
1000
1000
1000
4531
1000
4164
1000
1000
4189
3494
4448
1000
2750
3366
1000
1000
2280
1000
4838
1000
1000
1000
1000
4212
2635
4450
1000
1000
4298
1000
2683
3693
4100
1000
3376
3513
1000
3840
4879
1000
1000
2438
4235
3858
1000
4431
4793
1000
1000
1000
2346
1000
2844
4957
2732
4893
2436
1000
1000
1000
1000
1000
1000
2193
4451
1000
3515
1000
1000
2930
4991
4125
2062
2801
1000
1000
1000
1000
2600
3476
3708
2515
1000
2550
2267
4439
2453
4017
3518
3258
3972
4313
1000
3393
1000
1000
1000
4330
1000
1000
1000
1000
1000
4966
3405
1000
1000
3220
2729
2762
4645
1000
3176
1000
1000
2602
1000
4704
4672
3071
4873
1000
1000
1000
1000
1000
3066
4624
4026
4270
1000
2817
1000
3020
1000
4489
3090
1000
2983
1000
1000
1000
1000
3790
1000
3634
2464
1000
2902
4918
1000
3216
1000
1000
3792
1000
1000
2110
1000
1000
1000
2107
1000
2722
3015
3326
4107
1000
1000
3316
1000
3870
1000
2238
1000
1000
3355
1000
1000
2512
4076
2105
3269
4060
2482
2836
4973
2827
4039
1000
3696
1000
3148
1000
1000
1000
3846
1000
1000
2961
4328
3868
4892
2401
2150
1000
4602
1000
1000
4290
4429
4950
4406
4480
1000
1000
3272
2758
2654
4354
4592
1000
3851
1000
3150
1000
4719
3257
1000
3495
1000
2518
1000
3175
3886
4804
1000
4693
1000
1000
3210
1000
1000
1000
4047
4157
3519
1000
1000
4969
1000
1000
2972
3996
1000
1000
4471
4711
3370
2795
1000
2969
3486
5000
3752
4858
3838
4748
1000
4309
1000
1000
3549
3554
1000
2532
1000
1000
1000
1000
3749
4324
1000
2669
4637
1000
1000
3191
1000
1000
2282
1000
1000
1000
2429
3034
4352
1000
1000
4981
1000
2791
2185
3909
2884
2672
4713
4725
3647
1000
1000
3363
1000
4915
4306
1000
3561
3697
1000
4456
1000
2796
1000
2952
3932
3765
4529
1000
1000
3888
4120
4644
4083
1000
4025
1000
3221
4388
4647
1000
4114
1000
4472
3162
1000
2296
4275
4440
4763
1000
3993
4414
3080
1000
3213
1000
2257
3675
2194
2937
3796
2341
4496
2595
1000
4382
3572
4461
2598
4335
1000
1000
1000
2472
4552
4667
1000
2614
1000
2047
4161
4260
1000
1000
1000
1000
1000
4945
1000
1000
3668
4820
4935
1000
1000
3918
1000
4482
2170
3239
1000
2314
2975
1000
1000
4045
1000
3861
3241
1000
4690
4215
2279
2327
1000
3570
3915
2104
2418
1000
2709
3260
1000
3479
3889
2579
3282
3944
4847
4621
1000
1000
3129
4220
4720
1000
2921
2889
3335
1000
4895
2648
1000
2596
1000
1000
3474
3141
2094
1000
2145
4251
4571
1000
2784
1000
1000
1000
3417
3484
1000
2202
2272
4628
1000
1000
1000
2197
2982
3725
2240
3388
4631
4894
2499
3810
2678
1000
1000
4976
4108
1000
1000
2745
4171
3849
3975
2420
1000
3229
3296
4427
1000
3674
1000
1000
4814
1000
3016
1000
1000
1000
1000
1000
2046
3625
4244
1000
4065
2378
1000
4193
4268
3867
3172
4147
1000
1000
2781
3434
1000
3108
2868
4990
1000
1000
1000
2963
4905
3547
4174
2557
1000
3577
4797
1000
1000
4517
4700
1000
1000
1000
1000
3854
3144
1000
4933
2554
4381
1000
3757
1000
1000
2441
1000
4936
3562
1000
1000
3844
2727
2915
2414
3775
3998
1000
2897
4544
1000
1000
1000
3762
4000
3151
4559
3248
2928
1000
1000
2321
2726
3906
2419
3653
4791
4940
1000
3009
1000
2251
1000
2681
3955
1000
1000
1000
3301
2530
3890
1000
2728
1000
4154
4971
1000
3225
4477
1000
1000
3550
3850
1000
2946
1000
3131
1000
1000
2020
2388
1000
1000
3112
2476
2504
1000
4914
3275
1000
3091
1000
4317
4677
4836
1000
1000
1000
4191
1000
3409
3244
3501
1000
2275
1000
1000
3215
4730
4119
1000
4790
1000
4723
1000
2301
3050
1000
1000
1000
1000
4273
1000
1000
4664
3472
1000
3750
1000
1000
1000
1000
3093
2135
3018
4528
1000
3118
2233
4812
1000
4322
4186
1000
1000
1000
4739
3629
4210
1000
2030
4416
3337
4259
1000
4383
4874
4946
2383
1000
3055
1000
4787
2071
2271
2731
1000
4560
3802
1000
4992
4567
3745
3075
4761
1000
1000
4865
2288
3877
3010
2471
4141
3287
4099
2007
3433
3971
1000
2623
3926
4884
1000
1000
3504
4351
1000
4274
2278
4886
3517
2417
3608
4447
2391
1000
1000
3885
4056
1000
2324
1000
1000
3281
3157
1000
2379
2924
3833
4534
2783
3883
4219
1000
2447
2918
4003
1000
1000
1000
3592
2044
4373
1000
4134
1000
1000
1000
4468
1000
3610
4297
2143
3746
2964
1000
3156
3986
4833
3710
1000
1000
1000
4257
4360
1000
1000
1000
1000
3727
4205
3477
1000
1000
1000
1000
1000
1000
2721
1000
1000
3349
3593
1000
2570
1000
1000
3153
4115
1000
1000
2386
2710
1000
2903
1000
3044
3633
1000
1000
1000
1000
1000
2099
2641
1000
2544
4138
1000
3758
1000
4021
3960
3974
2311
3544
3123
1000
3231
2189
3691
4401
1000
4093
4403
4920
1000
1000
1000
3194
3317
2880
4635
4786
1000
1000
1000
4393
3067
4558
1000
1000
2106
2486
3968
4577
2942
4554
3509
4337
1000
4011
4618
1000
2695
4765
3307
3456
1000
2115
4181
4111
2973
3154
1000
1000
1000
2874
4074
1000
1000
1000
2373
2236
3907
1000
2519
2528
4908
1000
1000
3594
4782
4478
1000
1000
2837
3776
1000
2430
3481
4192
1000
1000
4497
3512
1000
1000
3777
4970
1000
2289
3448
4435
2990
2704
3927
3345
4254
4263
4563
1000
3726
4007
1000
3587
4925
1000
1000
3821
1000
4483
4869
1000
3831
1000
1000
1000
1000
2026
4984
1000
4160
3243
1000
4228
1000
3146
1000
4194
1000
3856
4331
4808
1000
1000
1000
2121
2677
3585
4452
1000
4649
3820
2556
1000
4772
4062
1000
1000
2463
3068
4949
3106
3565
3807
2806
1000
1000
1000
2854
1000
1000
2310
2511
2013
4178
3721
2262
1000
3309
3973
4617
2573
3262
4217
2056
1000
2350
2905
3874
1000
4422
4612
4740
1000
1000
2092
3655
2372
1000
1000
1000
2927
2409
4705
3583
4028
1000
1000
4965
4053
4312
4975
1000
1000
1000
3545
3665
3185
3478
3465
3740
1000
4520
1000
1000
3914
1000
2563
1000
1000
3733
4588
3943
1000
1000
2558
2567
1000
1000
1000
4779
4927
1000
1000
3911
1000
3921
1000
1000
4225
1000
1000
4557
2408
1000
1000
1000
1000
1000
1000
3340
3735
3737
3582
3590
3303
1000
4507
4963
2412
4144
2317
1000
2503
3114
3143
3571
2517
2682
3039
4433
4555
2385
1000
4187
1000
1000
3184
1000
2319
2892
2590
2124
3196
3322
1000
1000
1000
1000
4035
4762
1000
2095
2639
4316
4697
2023
3000
3605
1000
2943
3678
1000
2521
3715
4195
1000
4185
1000
3537
4469
4822
4979
3784
1000
1000
1000
4851
1000
3277
4063
1000
4650
1000
3202
4584
3365
4921
2740
3860
4054
1000
3235
4475
3356
4515
3297
4912
1000
2139
3514
1000
1000
2575
3711
3723
1000
4202
1000
4785
3033
1000
2994
3104
1000
2583
4687
2599
3285
1000
4492
1000
1000
2878
2934
2174
1000
1000
1000
3559
2237
3690
2112
4102
1000
1000
2428
4121
2261
1000
1000
1000
1000
3648
4387
2220
3117
3139
4327
3487
1000
3500
4008
4481
4307
1000
2158
3353
1000
2313
1000
1000
1000
1000
4926
2899
2979
3555
3826
2601
3899
3789
4444
3471
3714
1000
1000
2811
3718
2228
4049
1000
3267
4881
1000
1000
2175
1000
1000
2338
4036
3952
2103
4255
1000
1000
1000
2768
4188
1000
3621
1000
2626
1000
1000
1000
1000
3061
3407
3865
1000
3430
1000
2717
1000
1000
2588
2160
2258
3290
1000
1000
1000
3489
1000
2809
4536
1000
1000
1000
2277
4674
2894
2968
4706
4864
1000
2031
1000
1000
1000
1000
2574
1000
2977
1000
1000
2268
3171
1000
2835
1000
4931
2867
1000
2520
3824
2658
3788
1000
2036
3596
3508
1000
1000
2999
1000
1000
1000
1000
2069
2940
4733
1000
1000
1000
2369
1000
3266
1000
4514
4689
3628
1000
1000
2050
2751
2962
1000
2357
2284
4150
2297
4685
1000
2649
3086
1000
3553
3195
2612
3026
4639
4660
2163
1000
2304
1000
3999
2164
4834
2720
1000
4080
1000
1000
1000
2755
4683
4756
2144
3816
3801
2840
3036
4930
1000
2213
1000
3530
1000
1000
1000
1000
4547
1000
1000
1000
4252
3002
1000
1000
3473
1000
1000
2467
1000
1000
2097
1000
2769
3384
1000
3819
1000
3327
3105
4247
1000
1000
2798
3059
4359
3836
3021
1000
3051
1000
4953
2944
4753
1000
4486
1000
1000
1000
3217
3654
2087
1000
3751
1000
2008
2349
4775
1000
1000
1000
2303
2402
3768
1000
1000
1000
1000
3804
4001
1000
4059
2869
2253
2668
3945
3234
1000
1000
3642
1000
1000
1000
3183
2693
1000
1000
2377
3946
3426
1000
1000
1000
2004
2584
1000
1000
2737
1000
1000
1000
4366
1000
2477
3378
1000
1000
1000
4601
1000
2234
4476
4142
1000
1000
1000
2754
1000
1000
3024
3444
4022
1000
2830
3892
1000
2749
3575
3449
1000
1000
2624
1000
3912
1000
1000
1000
1000
1000
4356
1000
1000
1000
3988
1000
3609
4071
4580
1000
3611
1000
3256
1000
3076
1000
4809
1000
1000
2797
2133
1000
1000
1000
3259
4856
1000
3891
3163
3709
4262
3132
3389
1000
4717
1000
1000
3620
4823
4630
1000
3314
1000
1000
3193
4678
2137
4201
4986
1000
1000
3705
1000
2876
1000
2842
4714
4232
1000
3286
3319
4104
1000
4132
2522
1000
3445
1000
4369
1000
2474
2673
3342
1000
2332
3158
1000
4636
3897
2855
1000
1000
2196
1000
2814
3200
4364
3984
3499
4695
1000
2198
2537
1000
2307
1000
2390
3748
1000
3618
2088
1000
1000
2509
2757
1000
1000
1000
1000
1000
4137
4604
1000
4182
3498
1000
2064
2664
3279
1000
4272
4746
4829
1000
3981
4253
4692
2462
1000
1000
2086
2513
3400
4325
1000
3687
4097
3603
4795
2423
1000
4233
4625
4118
4538
2497
2527
3510
3739
4050
4357
1000
2038
2374
2675
2134
2542
4355
1000
2171
3882
4747
1000
1000
1000
1000
2083
4633
1000
1000
2454
4441
4269
1000
1000
2980
1000
1000
4872
1000
1000
2067
3707
4379
3276
1000
1000
2493
2394
1000
1000
3632
3904
1000
1000
4743
4535
4682
2315
1000
1000
2810
3233
1000
1000
1000
2363
2885
3604
3699
4473
1000
1000
3377
1000
1000
3147
1000
1000
1000
1000
3534
1000
3894
4764
1000
3460
1000
1000
2734
4799
1000
2890
1000
4408
1000
4655
4972
1000
1000
1000
1000
3815
3288
4983
2212
2959
3841
2387
1000
4342
4572
4728
1000
1000
1000
1000
2803
3130
2632
1000
1000
4578
2794
4310
2510
2932
3169
3295
1000
4067
1000
1000
4292
4131
4490
4523
1000
3614
4086
4029
4594
2841
3879
1000
1000
2021
1000
2560
4670
1000
2790
1000
2697
4911
1000
1000
2909
1000
2222
1000
2179
1000
1000
4295
3344
3351
1000
2396
2485
2701
1000
1000
3965
1000
1000
1000
4122
2432
1000
2224
2035
3928
1000
1000
2849
3866
2660
1000
1000
1000
1000
3226
3017
3871
3622
4999
1000
2533
1000
1000
1000
2957
3403
1000
2859
3250
4736
4184
2712
1000
1000
2009
2451
2460
2951
3375
1000
3181
3418
1000
2690
1000
1000
1000
3893
3958
4112
3030
1000
2904
2843
1000
1000
2604
1000
1000
1000
4072
4777
4539
1000
1000
1000
3635
1000
1000
2054
1000
3152
4488
1000
1000
1000
1000
1000
2775
3368
1000
3423
1000
1000
2753
4669
1000
4863
4524
3006
3766
4442
4598
4698
3873
3308
4752
2725
3941
2839
2787
1000
4271
3410
3522
1000
1000
1000
1000
2483
4848
3712
2991
4890
1000
1000
1000
1000
4002
2291
1000
1000
2392
2985
4734
2910
4522
4609
1000
3178
1000
4211
1000
1000
4299
1000
4013
2470
3188
3328
4096
1000
1000
3179
1000
2360
3527
1000
1000
1000
1000
4773
3624
1000
1000
1000
1000
2524
1000
2508
1000
3995
4607
4153
2931
3933
1000
1000
2611
3047
3876
2015
2217
3136
2093
2337
2821
1000
1000
1000
4305
4615
4807
4843
4088
1000
1000
2645
1000
1000
3401
4776
3413
4835
1000
4882
3085
1000
2916
4744
1000
3779
1000
2305
1000
1000
1000
1000
1000
2743
2642
3032
3298
2529
1000
3650
3645
1000
2186
2619
3057
4889
1000
4883
3676
3440
1000
3242
3043
1000
1000
3219
1000
3087
1000
3232
1000
1000
4082
4542
1000
1000
1000
1000
1000
1000
1000
1000
3197
2891
3429
1000
3450
1000
4906
2800
1000
2802
4548
2066
1000
2625
1000
2214
2620
3352
4867
2325
2061
2671
4525
1000
3706
1000
3251
2862
2920
3817
1000
1000
1000
2679
4462
4887
1000
2473
1000
3060
1000
4343
3959
2259
2566
1000
1000
3346
3736
4149
2149
1000
3333
3799
1000
2227
1000
4686
1000
1000
4760
1000
3761
4827
1000
4101
1000
3591
4951
1000
1000
2818
2853
1000
1000
1000
1000
3967
4395
1000
3913
1000
1000
1000
2411
4197
2459
2986
4183
4159
1000
1000
3446
3724
1000
1000
1000
4909
1000
1000
2739
4180
2033
2593
3008
4241
4585
1000
1000
2442
4004
1000
2546
1000
4370
1000
1000
2824
1000
3969
4749
3348
1000
3600
3524
1000
2309
1000
1000
1000
1000
4043
1000
2235
4494
2659
3469
4603
4340
1000
2422
3895
1000
1000
1000
2248
1000
4376
1000
1000
3273
3728
4551
2864
4410
3396
3548
3937
2692
1000
1000
1000
1000
4781
1000
2361
3145
1000
2858
3027
4347
1000
1000
1000
3829
1000
3048
2208
3595
4300
1000
2136
4012
3852
1000
2481
3771
4543
2822
2416
3763
2157
4046
2444
4579
4465
1000
2616
4449
1000
1000
1000
4464
1000
3601
4234
2298
4696
4541
4090
2131
4332
3942
4537
1000
1000
1000
3636
2603
3857
3940
1000
2053
2128
3291
4562
1000
4840
1000
1000
1000
2687
3785
1000
3797
3951
4318
4420
1000
2322
1000
2547
3626
3953
3947
3358
4877
1000
1000
3764
4287
2376
1000
4654
3211
1000
1000
2805
2960
4091
4498
1000
1000
1000
1000
1000
3095
4876
1000
3502
3240
2216
3528
4438
1000
1000
1000
1000
1000
2896
3369
4264
4626
1000
1000
1000
1000
1000
4094
3372
3638
4540
4712
3859
1000
3666
4803
1000
1000
2711
1000
1000
1000
1000
4853
4281
1000
1000
3265
2696
1000
1000
1000
1000
1000
4726
1000
2182
3412
4399
1000
4852
2266
1000
1000
1000
4398
1000
3053
1000
2617
4010
3738
1000
1000
4614
1000
2629
4237
3589
1000
1000
1000
1000
1000
1000
1000
2706
3800
1000
1000
1000
1000
3847
1000
2686
4569
1000
3482
4222
1000
3698
4052
1000
2496
4960
1000
4460
1000
2265
4485
2933
1000
1000
2956
1000
4510
4652
3657
1000
1000
2691
1000
4907
1000
4341
3046
4997
1000
3905
1000
2147
1000
2073
1000
1000
1000
1000
4106
2500
1000
2912
1000
2206
4338
1000
1000
3397
4902
4854
2993
4831
1000
4402
4511
3938
2576
1000
1000
3190
4124
4407
1000
2773
3110
3659
1000
2215
1000
3931
3677
1000
4998
3576
3437
4671
1000
2770
3637
1000
4608
4323
4982
2413
2644
2886
3543
3541
1000
3381
1000
2178
3320
1000
1000
3137
3760
1000
4587
1000
2580
2431
2723
4204
3442
1000
1000
1000
1000
1000
2531
4897
2043
2820
3023
1000
1000
1000
1000
3373
3532
1000
2077
1000
4500
2191
3255
3700
4474
1000
1000
2569
2808
3100
3439
4389
4308
1000
2772
1000
1000
1000
1000
1000
1000
3744
4546
3935
4386
1000
1000
2976
4657
1000
2433
3329
4116
1000
4470
4126
1000
3979
1000
3230
1000
3564
3357
1000
1000
2151
1000
1000
4675
2114
1000
2684
2295
3770
4774
3283
1000
2987
3992
3597
3970
3116
1000
1000
1000
1000
2707
3455
1000
1000
2241
1000
2799
2872
3772
3987
1000
3142
3956
2355
1000
1000
4223
3424
3925
3160
1000
2407
1000
1000
1000
3639
1000
1000
1000
2949
3331
3843
1000
3186
1000
1000
1000
1000
2375
2040
2382
2187
1000
2287
2082
4634
4688
1000
2172
4505
3280
1000
3038
3121
3774
1000
1000
4694
3451
4651
1000
2535
4570
4133
3432
1000
2048
4458
2577
3103
4128
1000
3109
3004
4265
3615
1000
3506
4684
3536
4665
1000
1000
1000
3830
2870
3566
2502
3485
4238
1000
1000
2226
2826
2356
2847
3521
4722
1000
2685
1000
1000
1000
1000
1000
2907
4051
1000
1000
1000
1000
1000
3133
3458
4595
1000
1000
2466
4040
3064
1000
3321
4380
1000
4250
4731
2479
1000
3483
2059
2469
1000
3271
1000
1000
1000
1000
3470
1000
1000
3101
3574
3989
2037
2571
2646
1000
3074
1000
4069
2863
3140
2060
1000
1000
4158
4875
1000
1000
1000
4466
1000
1000
1000
1000
1000
2010
2260
2887
1000
1000
1000
4454
3910
1000
1000
1000
1000
1000
3685
1000
2761
2006
3419
1000
1000
3834
2126
1000
1000
1000
1000
1000
1000
2308
1000
3382
3535
4177
4605
4796
1000
1000
4283
4565
4754
2166
2340
2538
1000
3896
1000
2652
3224
3305
3729
4084
4583
1000
1000
1000
3073
3898
1000
2329
2335
1000
2829
1000
3167
1000
3902
2245
1000
1000
1000
2587
4085
4590
1000
4903
1000
4989
3318
4320
1000
1000
3338
3781
1000
1000
1000
1000
1000
4929
3747
1000
4463
1000
2351
2974
1000
2032
3578
4901
2085
1000
3994
4016
4375
4919
1000
3805
1000
2256
2450
1000
1000
1000
2733
3207
1000
1000
2804
2971
1000
1000
1000
3177
1000
2181
4346
1000
2384
4846
1000
1000
1000
1000
3881
1000
3741
4586
1000
4857
2893
1000
1000
1000
1000
4214
4502
3661
1000
1000
3098
3853
1000
1000
3390
1000
1000
2523
2439
2495
3586
4291
1000
4780
1000
2995
1000
4479
1000
1000
3990
4599
4681
1000
2122
3671
3672
3556
1000
2219
3270
1000
1000
1000
1000
3236
2016
3122
4041
2585
4988
3092
2336
2861
2883
1000
3180
1000
2714
3461
2507
2591
4729
1000
3520
4095
1000
3581
4509
1000
2101
1000
1000
2403
1000
3398
1000
1000
4055
1000
3731
1000
4023
4019
1000
1000
4326
2154
4230
4716
2269
1000
2665
4437
1000
1000
2225
1000
4718
3454
3660
2273
3360
1000
1000
4155
1000
2250
3538
3402
3651
3115
1000
3862
4710
1000
1000
2263
4862
1000
2703
2777
1000
2501
2549
4910
2078
4589
1000
2400
3920
1000
4070
3138
4321
4363
1000
3238
1000
4845
1000
2231
4319
4550
1000
1000
2223
2559
4811
1000
3756
1000
1000
1000
1000
2487
3268
2367
2211
3173
4932
4014
2766
3379
4937
1000
2333
1000
4662
1000
1000
3336
4556
1000
1000
1000
1000
1000
4089
1000
2555
2426
3884
4248
1000
4428
1000
3602
3228
2877
3743
4980
1000
2698
3842
4455
1000
2718
3119
3835
1000
2594
4721
1000
4661
4839
1000
2057
4656
4813
1000
4168
4878
3203
1000
4445
1000
1000
2792
1000
4196
4404
1000
3982
1000
1000
3791
1000
4206
4267
2354
3612
3656
1000
1000
2935
3313
2276
2018
3754
4110
3339
2368
1000
4974
3916
4778
1000
3223
1000
1000
3957
2199
1000
3923
4032
1000
2630
3630
1000
2312
4061
1000
2597
2457
1000
1000
4329
4757
4771
1000
3447
4140
2283
4956
2091
1000
1000
3395
3887
2898
2017
3734
3422
1000
1000
1000
2610
1000
1000
2643
4037
1000
1000
3025
1000
4301
4629
4954
3431
3598
2456
1000
2724
2759
1000
3125
3452
3464
4702
2055
4057
3936
1000
4411
1000
1000
2076
3584
2965
1000
2348
4240
1000
1000
1000
4152
1000
2244
3001
1000
1000
1000
2793
1000
3406
4826
4209
4349
1000
2716
3134
2014
3013
3529
1000
4732
2873
4207
2177
1000
2651
1000
3040
1000
2919
1000
2120
4530
1000
2051
2605
1000
1000
3263
3720
1000
2302
1000
1000
1000
1000
4459
4788
3289
2650
4358
3542
1000
2875
1000
1000
2125
4591
4679
1000
2437
4167
3166
3713
1000
3640
3361
4166
1000
4412
4424
3099
1000
1000
1000
3065
2306
2404
2882
4828
3652
2767
1000
2788
1000
1000
1000
1000
4400
4703
2689
3253
4423
2586
1000
1000
4418
4289
1000
1000
1000
1000
4805
2548
1000
3825
4938
2318
2901
2167
2434
4995
1000
2111
1000
3341
1000
1000
1000
4034
1000
4467
2851
1000
1000
2831
3684
3347
2866
1000
2343
3127
3222
1000
3457
4800
2491
2785
1000
3161
1000
1000
3425
4676
1000
2621
1000
4394
4952
4769
2662
4296
4501
4117
2132
2506
2286
1000
1000
2195
2370
2752
1000
4236
1000
2856
2012
2607
3557
3627
2427
2780
4409
4616
1000
4566
3386
1000
2239
4413
1000
1000
1000
1000
1000
2735
4632
3875
1000
2339
3428
2661
2492
4922
4643
1000
1000
4190
4278
2857
4842
4581
4994
1000
3049
1000
2201
4339
1000
3380
1000
3466
3551
3930
1000
2551
2564
4151
1000
1000
2274
4165
1000
1000
3703
1000
1000
2358