1000
1000
1000
1000
3703
1000
1000
4165
1000
1000
4151
1000
1000
1000
3466
3551
3930
1000
1000
3380
4339
1000
1000
3049
1000
4581
4994
1000
4842
1000
1000
4190
4278
4643
1000
4922
1000
1000
3428
1000
3875
1000
4632
1000
1000
1000
1000
1000
1000
4413
1000
3386
1000
4566
4616
4409
1000
1000
1000
3557
3627
1000
1000
1000
1000
4236
1000
1000
1000
1000
1000
1000
1000
1000
4117
1000
4296
4501
4769
4394
4952
1000
1000
1000
3425
4676
1000
1000
1000
3161
1000
1000
1000
3457
4800
3127
3222
1000
1000
1000
3347
1000
3684
1000
1000
1000
4467
1000
4034
1000
1000
1000
3341
1000
1000
1000
1000
1000
4995
1000
1000
4938
1000
3825
1000
4805
1000
1000
1000
1000
4289
4418
1000
1000
1000
4423
1000
3253
4703
1000
1000
4400
1000
1000
1000
1000
1000
3652
1000
1000
4828
1000
1000
1000
1000
3065
3099
4412
4424
1000
3361
4166
3640
1000
3713
3166
1000
1000
4167
4679
1000
4591
1000
1000
1000
1000
3542
4358
1000
3289
1000
4459
4788
1000
1000
1000
1000
1000
1000
3263
3720
1000
1000
1000
1000
4530
1000
1000
1000
1000
1000
3040
1000
1000
1000
4207
1000
4732
1000
3013
3529
1000
3134
1000
1000
4209
4349
4826
1000
3406
1000
1000
1000
1000
3001
1000
1000
1000
1000
4152
1000
1000
4240
1000
1000
1000
1000
3584
1000
1000
4411
3936
1000
4057
1000
3125
3452
3464
4702
1000
1000
1000
1000
3598
3431
4629
4954
4301
1000
3025
1000
1000
1000
4037
1000
1000
1000
1000
1000
1000
3422
3734
1000
1000
1000
3395
3887
1000
1000
1000
4956
4140
3447
1000
4771
1000
4329
4757
1000
1000
1000
1000
1000
1000
4061
1000
1000
3630
4032
1000
3923
1000
1000
1000
3957
1000
3223
3916
4778
1000
4974
1000
3339
3754
4110
1000
1000
1000
3313
1000
1000
1000
3612
3656
4267
1000
4206
3791
1000
1000
1000
3982
4404
4196
1000
1000
1000
1000
1000
4445
3203
4878
1000
4168
4813
4656
1000
1000
4839
1000
4661
1000
1000
4721
1000
1000
3119
3835
4455
3842
1000
1000
1000
3743
4980
3228
1000
3602
1000
4428
1000
3884
4248
1000
1000
1000
1000
1000
4089
1000
1000
1000
1000
3336
4556
4662
1000
1000
1000
1000
3379
4937
4014
3173
4932
1000
1000
1000
3268
1000
1000
1000
1000
3756
1000
1000
4811
1000
1000
1000
1000
4319
4550
1000
1000
4845
3238
1000
3138
4321
4363
1000
4070
1000
1000
3920
1000
4589
1000
1000
4910
1000
1000
1000
1000
1000
1000
1000
4862
3862
4710
1000
3115
3651
3402
1000
1000
3538
4155
1000
1000
1000
3360
3454
3660
4718
1000
1000
1000
1000
1000
1000
4437
1000
1000
4230
4716
4326
1000
1000
4019
1000
4023
1000
3731
4055
1000
1000
1000
3398
1000
1000
1000
1000
1000
1000
3581
4509
1000
3520
4095
1000
4729
1000
1000
1000
3461
3180
1000
1000
1000
1000
3092
1000
4988
1000
3122
4041
1000
3236
1000
1000
1000
1000
3270
1000
3556
1000
3671
3672
1000
3990
4599
4681
1000
1000
1000
4479
1000
1000
1000
4780
3586
4291
1000
1000
1000
1000
1000
1000
3390
1000
3853
1000
1000
3098
3661
4502
1000
1000
1000
4214
1000
1000
1000
4857
1000
3741
4586
1000
1000
3881
1000
1000
4846
1000
1000
1000
1000
4346
1000
3177
1000
1000
1000
1000
1000
1000
1000
1000
3207
1000
1000
1000
1000
1000
1000
3805
4375
4919
1000
3994
4016
1000
1000
1000
3578
4901
1000
1000
1000
1000
4463
3747
4929
1000
1000
1000
1000
1000
1000
3338
3781
1000
3318
4320
4989
1000
1000
4903
4085
4590
1000
1000
1000
1000
1000
1000
3902
1000
3167
1000
1000
1000
1000
1000
3898
1000
1000
1000
3073
3224
3305
3729
4084
4583
1000
1000
1000
3896
1000
1000
1000
4754
4283
4565
1000
1000
1000
3382
3535
4177
4605
4796
1000
1000
1000
1000
1000
1000
1000
1000
3834
1000
1000
1000
3419
1000
1000
1000
3685
1000
1000
1000
1000
3910
1000
4454
1000
1000
1000
1000
1000
1000
1000
1000
1000
1000
4466
1000
1000
1000
4158
4875
1000
1000
1000
1000
3140
1000
4069
3074
1000
1000
1000
1000
3574
3989
1000
3101
1000
1000
1000
3470
1000
1000
3271
1000
1000
1000
3483
1000
1000
1000
4250
4731
1000
3321
4380
3064
1000
1000
4040
1000
4595
3458
3133
1000
1000
1000
1000
1000
1000
4051
1000
1000
1000
1000
1000
1000
1000
1000
1000
3521
4722
1000
1000
1000
1000
1000
3485
4238
1000
3566
3830
1000
1000
1000
3536
4665
4684
1000
3506
3615
3004
4265
1000
3109
4128
1000
3103
1000
4458
1000
3432
4133
1000
4570
1000
4651
3451
4694
1000
1000
3774
3038
3121
1000
3280
4505
1000
1000
1000
4634
4688
1000
1000
1000
1000
1000
1000
1000
1000
1000
1000
1000
3186
3843
1000
1000
3331
1000
1000
1000
3639
1000
1000
1000
1000
3160
3925
3424
1000
4223
1000
1000
1000
3142
3956
3987
3772
1000
1000
1000
1000
1000
1000
1000
1000
3455
1000
1000
1000
3116
3597
3970
1000
3992
1000
3283
4774
1000
3770
1000
1000
1000
1000
1000
4675
1000
1000
1000
3357
3564
1000
3230
1000
3979
1000
4126
4470
1000
4116
3329
1000
1000
1000
1000
1000
4657
3935
4386
1000
1000
3744
4546
1000
1000
1000
1000
1000
1000
4308
3439
4389
3100
1000
1000
1000
1000
4474
1000
3255
3700
1000
4500
1000
1000
1000
3373
3532
1000
1000
1000
3023
1000
1000
4897
1000
1000
1000
1000
1000
1000
3442
1000
1000
4204
1000
1000
4587
1000
3760
1000
1000
3137
1000
1000
3320
3381
1000
3541
1000
3543
1000
1000
4323
4982
1000
4608
1000
1000
3637
3437
4671
3576
1000
4998
3677
1000
3931
1000
1000
3659
1000
1000
3110
4124
4407
3190
1000
1000
1000
3938
1000
4402
4511
4831
1000
4854
1000
3397
4902
1000
1000
4338
1000
1000
1000
1000
4106
1000
1000
1000
1000
1000
1000
1000
1000
1000
3905
3046
4997
1000
4341
4907
1000
1000
1000
1000
3657
1000
4510
4652
1000
1000
1000
1000
1000
1000
4485
4460
1000
4960
1000
1000
4052
3698
1000
1000
3482
4222
1000
1000
4569
3847
1000
1000
1000
1000
1000
1000
1000
1000
3800
1000
1000
1000
1000
3589
4237
1000
1000
1000
4614
1000
3738
1000
4010
1000
1000
3053
4398
1000
1000
1000
1000
4852
1000
4399
1000
3412
1000
1000
1000
1000
4726
1000
1000
1000
3265
1000
1000
4281
4853
1000
1000
1000
1000
1000
1000
1000
4803
1000
3666
3859
3372
3638
4540
4712
4094
1000
1000
1000
1000
1000
4626
1000
3369
4264
1000
1000
1000
1000
1000
1000
3528
4438
3240
1000
3502
1000
3095
4876
1000
1000
1000
1000
4498
4091
1000
1000
1000
1000
3211
1000
4654
1000
3764
4287
1000
1000
3358
4877
3947
3953
1000
1000
3626
1000
1000
3951
4318
4420
1000
3797
1000
1000
3785
1000
1000
4840
1000
1000
3291
4562
1000
1000
3940
1000
3857
1000
1000
3636
1000
3942
4537
4332
1000
4090
4541
1000
4696
3601
4234
1000
1000
1000
1000
4464
4449
1000
1000
4465
1000
4579
1000
4046
1000
3763
1000
4543
1000
1000
3771
3852
4012
1000
1000
4300
1000
3595
1000
3048
1000
1000
1000
3829
4347
1000
1000
3027
1000
1000
3145
1000
1000
4781
1000
1000
1000
3937
3396
3548
4410
1000
3273
3728
4551
1000
1000
4376
1000
1000
1000
1000
1000
1000
1000
3895
4340
3469
4603
1000
4494
1000
1000
1000
4043
1000
1000
1000
1000
1000
3524
3600
1000
3348
1000
3969
4749
1000
1000
1000
4370
1000
1000
1000
1000
4004
1000
1000
4585
4241
1000
3008
1000
1000
1000
4180
1000
4909
1000
1000
1000
1000
1000
3446
3724
4159
4183
1000
1000
1000
1000
1000
4197
1000
1000
3913
4395
1000
3967
1000
1000
1000
1000
1000
1000
1000
1000
3591
4951
1000
4101
4827
1000
3761
1000
4760
1000
1000
4686
1000
1000
3799
1000
3333
1000
4149
3346
3736
1000
1000
1000
1000
3959
1000
4343
1000
3060
1000
1000
4462
4887
1000
1000
1000
1000
1000
1000
3817
1000
3251
1000
3706
4525
1000
1000
1000
3352
4867
1000
1000
1000
1000
1000
1000
1000
4548
1000
1000
4906
1000
1000
3450
1000
3429
3197
1000
1000
1000
1000
1000
1000
1000
1000
4082
4542
1000
1000
1000
3232
1000
3087
3219
1000
1000
3043
1000
3242
3440
3676
4883
1000
4889
3057
1000
1000
1000
3645
1000
3650
1000
3298
1000
3032
1000
1000
1000
1000
1000
1000
1000
1000
3779
1000
4744
1000
1000
3085
1000
4882
3413
4835
4776
1000
3401
1000
1000
1000
1000
4088
4807
4843
4615
1000
4305
1000
1000
1000
1000
1000
1000
3136
1000
1000
3047
3876
1000
1000
1000
3933
4153
3995
4607
1000
1000
1000
1000
1000
1000
1000
1000
3624
1000
4773
1000
1000
1000
3527
1000
1000
1000
1000
3179
1000
3188
3328
4096
4013
1000
1000
1000
4299
1000
4211
1000
3178
4609
4522
1000
4734
1000
1000
1000
1000
1000
1000
4002
1000
1000
1000
1000
4890
3712
1000
1000
1000
1000
1000
4848
3522
3410
1000
4271
1000
1000
1000
3941
4752
3308
3873
4698
4598
4442
3766
3006
4524
1000
4863
1000
1000
1000
4669
3423
1000
3368
1000
1000
1000
1000
1000
1000
1000
3152
4488
1000
1000
1000
1000
1000
1000
3635
4539
4072
4777
1000
1000
1000
1000
1000
1000
1000
1000
1000
3030
1000
3893
3958
4112
1000
1000
1000
1000
1000
3181
3418
1000
1000
3375
1000
1000
1000
1000
1000
4184
1000
1000
3250
4736
1000
3403
1000
1000
1000
1000
1000
3622
4999
3871
3017
3226
1000
1000
1000
1000
1000
1000
1000
1000
3866
3928
1000
1000
1000
1000
4122
1000
1000
1000
1000
3965
1000
1000
1000
1000
1000
3344
3351
1000
4295
1000
1000
1000
1000
1000
1000
1000
1000
1000
4911
1000
1000
1000
1000
1000
4670
1000
1000
1000
3879
1000
4594
4029
1000
3614
4086
4131
4490
4523
1000
4292
1000
1000
4067
3295
1000
3169
1000
1000
4310
1000
1000
4578
1000
1000
1000
3130
1000
1000
1000
4572
4728
1000
4342
1000
1000
1000
3841
3288
4983
3815
1000
1000
1000
1000
4655
4972
1000
1000
4408
1000
1000
1000
1000
4799
1000
1000
3460
1000
3894
4764
1000
1000
3534
1000
1000
1000
3147
1000
1000
1000
3377
3699
4473
1000
1000
1000
3604
1000
1000
1000
3233
1000
1000
1000
4682
4535
1000
1000
4743
3904
1000
3632
1000
1000
1000
1000
1000
3276
1000
1000
3707
4379
1000
4872
1000
1000
1000
1000
1000
4269
1000
1000
4441
1000
1000
1000
1000
1000
4633
1000
1000
1000
3882
4747
4355
1000
1000
1000
1000
1000
1000
4050
4357
3739
1000
1000
3510
4118
4538
4233
4625
1000
1000
3603
4795
3687
4097
1000
1000
1000
1000
1000
3400
4325
1000
4692
3981
4253
1000
4272
4746
4829
1000
3279
1000
1000
1000
3498
1000
4182
4137
4604
1000
1000
1000
1000
1000
1000
1000
1000
1000
1000
3618
1000
1000
3748
1000
1000
1000
1000
1000
1000
3499
4695
3984
3200
4364
1000
1000
1000
1000
1000
1000
3897
1000
4636
3158
1000
1000
3342
1000
1000
1000
1000
4369
1000
3445
1000
4132
1000
1000
3286
3319
4104
4232
1000
1000
4714
1000
1000
1000
3705
1000
4986
1000
4201
3193
4678
1000
1000
1000
3314
4630
1000
3620
4823
1000
4717
1000
3132
3389
4262
3163
3709
1000
3891
1000
1000
1000
3259
4856
1000
1000
1000
1000
4809
1000
1000
3076
1000
3256
1000
3611
4071
4580
1000
3609
1000
1000
3988
1000
1000
4356
1000
1000
1000
1000
3912
1000
1000
1000
1000
3449
1000
1000
3575
1000
1000
3892
1000
1000
3024
3444
4022
1000
1000
1000
1000
4142
4476
1000
1000
1000
4601
1000
1000
1000
1000
3378
1000
4366
1000
1000
1000
1000
1000
1000
1000
1000
1000
1000
3426
1000
1000
3946
1000
1000
1000
3183
1000
1000
3642
1000
1000
3234
1000
1000
3945
1000
4059
1000
4001
1000
1000
3804
1000
1000
1000
3768
1000
1000
1000
1000
1000
1000
4775
1000
3751
1000
1000
1000
3217
3654
1000
1000
1000
4486
1000
4753
4953
1000
1000
3051
3021
3836
3059
4359
1000
1000
1000
3105
4247
1000
3327
1000
3819
1000
3384
1000
1000
1000
1000
1000
1000
1000
1000
3473
1000
3002
4252
1000
1000
1000
1000
4547
1000
1000
1000
1000
3530
1000
1000
1000
3036
4930
3801
1000
3816
1000
4683
4756
1000
1000
1000
1000
4080
1000
1000
4834
1000
3999
1000
1000
1000
4660
4639
3026
1000
3195
1000
3553
3086
1000
1000
4685
1000
1000
4150
1000
1000
1000
1000
1000
1000
1000
3628
1000
4514
4689
1000
3266
1000
1000
1000
1000
4733
1000
1000
1000
1000
1000
1000
1000
1000
1000
3508
1000
1000
3596
3788
1000
3824
1000
1000
1000
1000
4931
1000
1000
1000
1000
3171
1000
1000
1000
1000
1000
1000
1000
1000
1000
1000
4864
1000
1000
4706
4674
1000
1000
1000
1000
4536
1000
1000
3489
1000
1000
1000
1000
3290
1000
1000
1000
1000
1000
1000
3430
1000
3407
3865
1000
3061
1000
1000
1000
1000
1000
3621
1000
1000
4188
1000
1000
1000
4255
1000
3952
1000
1000
4036
1000
1000
1000
1000
4881
1000
3267
4049
1000
1000
1000
1000
3718
3714
3471
3789
4444
3899
1000
1000
1000
3555
3826
4926
1000
1000
1000
1000
1000
1000
3353
1000
1000
4307
4008
4481
1000
3500
3487
3117
3139
4327
1000
4387
3648
1000
1000
1000
1000
1000
4121
1000
1000
1000
1000
4102
3690
1000
1000
1000
1000
3559
1000
1000
1000
1000
1000
1000
4492
3285
1000
4687
1000
1000
3104
1000
1000
3033
1000
4785
1000
4202
3723
3711
1000
1000
1000
1000
1000
3514
3297
4912
3356
4515
1000
3235
4475
4054
3860
1000
3365
4921
1000
3202
4584
1000
4650
4063
1000
3277
1000
1000
1000
4851
3784
4979
4469
4822
1000
3537
1000
4185
1000
3715
4195
1000
3678
1000
1000
1000
3000
3605
4697
1000
4316
1000
1000
4762
4035
1000
1000
1000
1000
3196
3322
1000
1000
1000
1000
1000
3184
1000
1000
1000
4187
1000
4555
3039
4433
1000
1000
1000
3114
3143
3571
1000
1000
4144
1000
4507
4963
1000
3303
3582
3590
3737
3340
3735
1000
1000
1000
1000
1000
1000
1000
1000
1000
4557
4225
1000
1000
1000
3921
1000
1000
3911
1000
1000
4779
4927
1000
1000
1000
1000
1000
3943
3733
4588
1000
1000
1000
1000
3914
1000
1000
4520
1000
3465
3740
3478
3185
3665
1000
1000
3545
1000
4053
4312
4975
4965
1000
1000
3583
4028
4705
1000
1000
1000
1000
1000
1000
1000
1000
3655
1000
4740
4422
4612
1000
1000
1000
1000
3874
1000
4217
1000
3262
3309
3973
4617
1000
1000
3721
1000
4178
1000
1000
1000
1000
1000
1000
1000
1000
1000
3106
3565
3807
4949
3068
1000
1000
1000
4062
4772
1000
1000
3820
4649
1000
1000
3585
4452
1000
1000
1000
1000
1000
3856
4331
4808
1000
4194
1000
3146
4228
1000
3243
1000
4160
1000
4984
1000
1000
1000
1000
1000
3831
4869
4483
1000
1000
1000
3821
3587
4925
1000
1000
3726
4007
3345
4254
4263
4563
1000
3927
1000
1000
1000
3448
4435
1000
3777
4970
1000
3512
4497
1000
1000
1000
1000
3481
4192
1000
3776
1000
1000
4478
1000
3594
4782
1000
1000
1000
4908
1000
1000
3907
1000
1000
1000
1000
1000
1000
4074
1000
1000
1000
3154
4111
4181
1000
1000
3307
3456
1000
4765
1000
1000
4011
4618
4337
3509
4554
1000
3968
4577
1000
1000
1000
1000
3067
4558
1000
4393
1000
1000
4635
4786
1000
1000
1000
3194
3317
1000
4920
1000
4093
4403
1000
3691
4401
1000
3231
3123
1000
3544
3960
3974
1000
4021
1000
3758
4138
1000
1000
1000
1000
1000
1000
1000
1000
1000
1000
3044
3633
1000
1000
1000
1000
1000
1000
1000
1000
3153
4115
1000
1000
3349
3593
1000
1000
1000
1000
1000
1000
1000
1000
1000
3477
1000
3727
4205
1000
1000
1000
1000
4257
4360
1000
1000
3710
1000
3156
3986
4833
1000
1000
3746
3610
4297
1000
4468
1000
1000
1000
1000
4134
1000
4373
1000
1000
1000
3592
4003
1000
1000
1000
1000
3883
4219
4534
3833
1000
1000
1000
3157
1000
3281
1000
1000
1000
1000
1000
3885
4056
1000
1000
3608
4447
3517
1000
4886
4274
1000
4351
3504
1000
1000
4884
3926
1000
1000
3433
3971
1000
3287
4099
4141
1000
3010
1000
3877
1000
1000
4865
3075
4761
3745
4567
1000
4992
3802
1000
4560
1000
1000
1000
4787
1000
3055
1000
1000
4874
4946
4383
1000
3337
4259
4416
1000
1000
3629
4210
1000
4739
1000
1000
4186
1000
4322
4812
1000
1000
3118
4528
1000
3018
1000
3093
1000
1000
1000
3750
1000
3472
4664
1000
1000
1000
1000
4273
1000
1000
1000
1000
3050
1000
4723
1000
4790
4119
1000
1000
3215
4730
1000
1000
3501
3244
1000
3409
1000
4191
1000
1000
4836
4317
4677
1000
3091
1000
3275
4914
1000
1000
1000
3112
1000
1000
1000
1000
1000
1000
1000
3131
1000
1000
3550
3850
1000
1000
3225
4477
1000
4971
1000
4154
1000
1000
1000
3890
3301
1000
1000
1000
1000
1000
3955
1000
1000
3009
1000
4791
4940
1000
3653
1000
3906
1000
1000
1000
1000
3248
3151
4559
4000
1000
3762
1000
1000
1000
1000
4544
1000
3775
3998
1000
1000
3844
1000
1000
3562
1000
4936
1000
1000
1000
3757
1000
1000
4381
4933
1000
3144
1000
3854
1000
1000
1000
1000
1000
4517
4700
4797
3577
1000
1000
3547
4174
1000
1000
4905
1000
1000
1000
4990
1000
3108
1000
1000
3434
1000
3172
4147
3867
4268
4193
1000
1000
1000
4065
3625
4244
1000
1000
1000
1000
1000
1000
3016
1000
1000
4814
1000
3674
1000
1000
3229
3296
4427
1000
3975
3849
1000
4171
1000
1000
4108
1000
1000
4976
1000
1000
3810
4894
4631
3388
1000
3725
1000
1000
1000
1000
1000
1000
1000
1000
4628
3417
3484
1000
1000
1000
1000
1000
4571
4251
1000
1000
1000
3141
3474
1000
1000
1000
1000
1000
1000
4895
3335
1000
1000
1000
4220
4720
1000
3129
1000
4621
3282
3944
4847
1000
3479
3889
1000
1000
3260
1000
1000
1000
3915
1000
3570
1000
1000
4215
4690
1000
3241
1000
3861
1000
1000
4045
1000
1000
1000
3239
1000
4482
1000
1000
3918
1000
4820
4935
3668
1000
1000
4945
1000
1000
1000
1000
1000
4260
4161
1000
1000
1000
1000
4552
4667
1000
1000
1000
1000
1000
4335
3572
4461
1000
4382
1000
4496
1000
1000
1000
3796
3675
1000
1000
3213
1000
3080
4414
3993
1000
4763
1000
1000
4275
4440
3162
4472
1000
1000
4114
1000
3221
4388
4647
1000
4025
4083
1000
1000
3888
4120
4644
4529
3765
1000
1000
3932
1000
1000
4456
1000
3697
1000
3561
4306
1000
4915
3363
1000
1000
3647
4713
4725
1000
1000
3909
1000
1000
1000
1000
4981
1000
4352
1000
1000
3034
1000
1000
1000
1000
1000
1000
1000
3191
4637
1000
1000
4324
3749
1000
1000
1000
1000
1000
1000
3554
1000
3549
1000
1000
4309
3838
4748
3752
4858
3486
5000
1000
1000
1000
3370
4711
1000
1000
4471
1000
1000
3996
1000
1000
1000
4969
3519
1000
4047
4157
1000
1000
1000
3210
1000
4693
1000
1000
3175
3886
4804
1000
1000
1000
3495
3257
4719
1000
1000
3150
1000
3851
4592
1000
4354
1000
1000
1000
3272
4406
4480
4950
4429
1000
1000
4290
1000
4602
1000
1000
3868
4892
4328
1000
1000
1000
1000
3846
1000
1000
1000
3148
3696
1000
1000
4039
1000
1000
4973
4060
1000
3269
4076
1000
1000
1000
3355
1000
1000
1000
1000
1000
3870
1000
3316
1000
1000
3015
3326
4107
1000
1000
1000
1000
1000
1000
1000
1000
1000
1000
3792
1000
3216
4918
1000
1000
1000
1000
3634
1000
3790
1000
1000
1000
1000
1000
3090
1000
4489
1000
3020
1000
1000
4270
4026
1000
3066
4624
1000
1000
1000
1000
4873
3071
4672
4704
1000
1000
1000
1000
1000
3176
4645
1000
1000
1000
1000
3220
3405
4966
1000
1000
1000
1000
1000
4330
1000
1000
1000
1000
3393
3258
3972
4313
3518
1000
4017
1000
4439
1000
1000
1000
1000
1000
1000
1000
3476
3708
1000
1000
1000
4125
1000
1000
4991
1000
3515
1000
1000
4451
1000
1000
1000
1000
1000
1000
1000
1000
4893
4957
1000
1000
1000
1000
1000
1000
4793
4431
1000
3858
4235
1000
1000
1000
1000
3840
4879
3376
3513
1000
1000
1000
3693
4100
1000
1000
4298
1000
4450
4212
1000
1000
1000
1000
1000
4838
1000
1000
1000
1000
3366
1000
4448
3494
1000
4189
1000
4164
1000
1000
1000
4531
1000
3855
1000
1000
1000
1000
1000
3205
3641
1000
1000
1000
3227
3983
3773
1000
1000
1000
1000
4939
3607
3964
1000
1000
3767
3467
4815
1000
1000
1000
4432
1000
3072
4277
1000
1000
3218
1000
1000
3214
1000
1000
3903
1000
1000
1000
1000
1000
3438
1000
4885
4680
1000
1000
1000
1000
4841
4985
3606
3976
3682
1000
3563
1000
3164
1000
1000
1000
1000
1000
1000
3408
1000
1000
1000
4239
1000
3364
1000
3568
4499
1000
3673
1000
4817
4819
1000
1000
1000
3192
1000
1000
3670
4623
1000
4977
4898
4495
1000
3488
4286
1000
1000
3908
1000
1000
3991
1000
1000
1000
1000
3054
3182
1000
1000
4081
4421
4709
4361
1000
4345
1000
3669
4868
4170
4173
1000
1000
1000
1000
3237
4113
4850
1000
1000
1000
1000
3702
3863
4245
1000
3573
3680
1000
1000
1000
4967
3081
1000
4783
3567
1000
3717
1000
4315
1000
1000
1000
3149
3035
1000
1000
1000
1000
1000
3961
1000
4532
1000
1000
1000
1000
1000
1000
1000
1000
1000
3546
1000
3264
1000
1000
3809
3558
1000
1000
3667
3350
3082
1000
1000
3062
1000
1000
3019
4169
1000
3069
1000
1000
3689
1000
3966
1000
1000
3174
3780
1000
4229
1000
4751
1000
1000
1000
1000
1000
1000
1000
3315
1000
1000
1000
1000
1000
1000
1000
4606
1000
3827
4668
1000
1000
1000
3795
1000
1000
4282
4917
4249
4344
1000
1000
1000
3042
3201
4098
3701
1000
4200
1000
4284
4378
4622
3531
1000
1000
4446
1000
1000
3683
1000
1000
1000
4020
1000
3198
1000
4162
3343
1000
1000
3247
4934
1000
3688
1000
1000
3617
1000
3619
1000
1000
1000
4024
4109
1000
4518
4859
1000
1000
1000
1000
1000
1000
4068
1000
1000
1000
1000
1000
1000
3435
4348
3306
1000
1000
3206
3900
3901
1000
3168
1000
1000
1000
4176
1000
3526
1000
1000
1000
1000
4784
3079
3783
3102
1000
3503
3794
1000
1000
1000
1000
1000
1000
1000
1000
1000
1000
3818
4030
1000
1000
4891
1000
1000
1000
4691
3063
1000
3599
4942
3663
1000
1000
4243
1000
3782
1000
4512
1000
1000
3070
1000
4943
1000
1000
3919
1000
4334
1000
1000
1000
3312
1000
3005
1000
1000
1000
1000
1000
1000
4916
4519
1000
1000
1000
4526
1000
3533
1000
3128
1000
3616
1000
1000
1000
4737
1000
4641
1000
3686
3977
1000
1000
1000
3950
4436
4582
1000
1000
1000
1000
1000
3463
1000
3078
1000
1000
1000
1000
4789
1000
3872
1000
1000
1000
1000
1000
1000
1000
4958
3475
4139
1000
1000
1000
1000
4048
1000
1000
1000
1000
1000
3387
1000
1000
1000
1000
4033
1000
1000
1000
4368
3293
1000
1000
3012
3848
3436
3014
1000
3681
1000
1000
1000
1000
1000
1000
4362
1000
4453
1000
1000
3209
1000
3170
1000
1000
3404
1000
1000
1000
1000
1000
1000
1000
1000
1000
1000
4816
1000
3045
1000
1000
1000
1000
4031
1000
1000
1000
3459
1000
3292
1000
3310
1000
1000
4075
4261
3124
4224
3394
1000
1000
4564
1000
1000
1000
3497
3427
1000
4256
4493
1000
1000
3962
4258
1000
1000
4266
4642
1000
4293
4208
1000
4968
1000
4944
1000
1000
1000
1000
3332
1000
3695
4294
1000
1000
1000
3664
1000
1000
1000
4653
1000
1000
4549
4708
1000
1000
1000
4018
1000
1000
1000
3954
1000
1000
1000
4735
3742
4576
4770
4792
1000
1000
1000
1000
3540
4755
1000
1000
1000
3980
1000
4619
4913
1000
1000
1000
1000
1000
1000
3415
1000
3399
1000
3719
1000
1000
1000
1000
1000
3832
4397
3385
1000
4087
1000
1000
4391
4955
1000
1000
4218
4374
1000
4372
1000
3089
1000
1000
1000
4384
1000
1000
1000
1000
4027
1000
1000
1000
1000
1000
1000
4996
1000
1000
1000
1000
1000
4280
3922
1000
4285
1000
1000
3097
1000
1000
4802
1000
1000
3367
4600
1000
1000
1000
1000
1000
1000
1000
1000
1000
1000
1000
4947
1000
4311
4314
1000
4962
3354
1000
4127
1000
1000
1000
3755
4396
1000
1000
4350
4832
1000
1000
1000
1000
1000
1000
3704
3823
3007
1000
1000
1000
1000
1000
1000
1000
1000
1000
1000
3029
1000
1000
1000
1000
3204
1000
1000
3246
3623
1000
1000
3505
4928
1000
4888
1000
1000
4611
1000
1000
4006
4443
1000
1000
1000
3490
3323
4333
4806
4506
3845
1000
4430
1000
1000
4658
1000
1000
1000
4699
1000
1000
1000
4978
1000
1000
1000
1000
4871
1000
1000
1000
3798
1000
4417
4123
1000
1000
1000
4092
1000
1000
1000
1000
1000
4304
4844
4148
1000
1000
3658
1000
1000
3997
4105
1000
3679
1000
1000
1000
3806
3978
1000
1000
1000
1000
1000
1000
1000
1000
1000
1000
1000
1000
1000
1000
3579
1000
1000
1000
3811
1000
1000
1000
4276
1000
1000
1000
4993
1000
3839
1000
1000
4303
4434
1000
4987
1000
1000
1000
4513
1000
4860
1000
1000
4964
4064
1000
1000
1000
1000
1000
4821
1000
1000
1000
1000
4924
1000
1000
4646
4904
1000
1000
4659
1000
1000
4336
3864
4597
1000
4818
1000
3644
1000
4365
1000
1000
3041
1000
1000
1000
3778
1000
3028
1000
4794
1000
1000
4077
1000
1000
1000
4596
1000
1000
1000
1000
3274
3165
3334
4900
4861
4941
1000
1000
4610
4516
4767
1000
3523
1000
1000
1000
3753
1000
1000
1000
4135
3299
4221
1000
1000
1000
1000
3480
1000
3330
4066
4179
1000
3869
4961
1000
3453
1000
1000
3539
4130
4457
4899
1000
1000
1000
4742
1000
4574
1000
3155
1000
3924
4959
1000
1000
3120
3662
1000
4367
1000
1000
1000
1000
3560
1000
1000
4042
4405
3416
1000
1000
1000
1000
1000
3516
1000
3441
1000
3278
1000
1000
1000
1000
1000
1000
1000
4766
1000
3003
1000
1000
4750
4073
1000
1000
1000
3249
1000
1000
4673
4575
1000
1000
3254
3759
4648
1000
1000
1000
1000
1000
1000
1000
1000
1000
4175
3939
4741
1000
1000
1000
1000
1000
1000
1000
1000
3694
3929
3496
1000
1000
3374
4738
1000
1000
3822
1000
1000
1000
1000
1000
3362
4758
1000
1000
3052
1000
1000
1000
4640
1000
1000
1000
4009
1000
1000
1000
1000
1000
1000
1000
1000
1000
1000
3159
1000
1000
1000
1000
1000
3552
1000
1000
1000
3580
4837
4745
4880
1000
1000
1000
1000
1000
1000
1000
4896
1000
3359
1000
1000
1000
3813
4593
1000
1000
1000
3569
4172
1000
1000
4302
1000
3793
1000
1000
1000
1000
1000
1000
1000
1000
1000
1000
4198
3111
1000
3421
4288
3284
1000
4824
1000
1000
1000
4377
1000
4521
1000
3730
1000
1000
1000
1000
3300
3325
4231
1000
3462
1000
1000
1000
1000
1000
3787
1000
3189
3135
1000
1000
3716
3031
1000
1000
3383
1000
3245
1000
1000
1000
1000
1000
3722
4078
1000
1000
1000
1000
4948
1000
1000
1000
1000
1000
1000
1000
4573
1000
3631
1000
1000
1000
1000
3324
1000
1000
1000
1000
1000
1000
1000
1000
4392
3083
4242
1000
3302
4638
1000
1000
1000
1000
1000
3507
4849
1000
3948
4830
1000
1000
4508
1000
1000
3391
4136
1000
3468
1000
1000
1000
1000
1000
1000
4146
1000
1000
1000
4227
1000
1000
4353
1000
4143
1000
4504
1000
1000
3199
1000
3443
3812
1000
4759
3808
4620
3649
4038
4156
1000
1000
3126
3492
1000
4419
3371
1000
1000
1000
3022
3963
3732
4246
1000
1000
1000
1000
1000
1000
1000
1000
1000
1000
3077
3692
4627
1000
1000
1000
4129
1000
3525
4923
1000
4415
1000
1000
4707
4044
3643
4613
4801
1000
4203
3056
4527
1000
1000
1000
3786
1000
1000
1000
1000
3880
1000
3588
1000
1000
1000
3212
3311
1000
1000
4425
1000
4103
3493
4533
4798
4553
1000
1000
1000
1000
1000
3252
1000
4701
1000
1000
1000
1000
1000
1000
3096
4724
1000
3304
4226
1000
1000
3294
3011
3420
1000
1000
4866
1000
1000
3511
3803
1000
1000
1000
3208
4568
1000
1000
4484
4503
3094
4005
1000
1000
1000
1000
3828
1000
1000
3037
1000
1000
4727
4163
4561
1000
1000
1000
3107
1000
1000
4491
1000
1000
1000
1000
1000
4385
1000
1000
1000
3392
1000
1000
1000
1000
4145
1000
4663
1000
3934
3491
4213
4058
1000
4715
1000
1000
3878
1000
1000
3646
4825
1000
1000
3613
4487
1000
1000
1000
1000
1000
4810
1000
3414
3113
4199
1000
1000
1000
1000
1000
4015
1000
4870
1000
1000
3058
4216
4371
1000
1000
3769
1000
1000
1000
1000
1000
1000
1000
1000
3187
1000
4768
1000
3088
1000
3949
1000
3411
4079
4390
1000
1000
3985
1000
1000
1000
1000
1000
1000
1000
4545
4855
1000
1000
4279
3837
1000
1000
1000
1000
1000
1000
3084
1000
1000
3261
1000
1000
1000
1000
1000
1000
3917
3814
4426
4666