1000
1000
1000
1000
1000
1000
1000
1000
1000
1000
1000
4388
1000
4298
1000
1000
4054
4169
1000
1000
1000
1000
4875
4209
4880
1000
1000
1000
1000
1000
1000
1000
1000
1000
4185
1000
1000
1000
1000
1000
1000
4819
1000
1000
1000
1000
1000
4369
1000
1000
1000
1000
1000
1000
1000
1000
1000
4189
4064
1000
1000
1000
1000
1000
4389
1000
1000
4659
1000
1000
1000
1000
1000
4165
1000
1000
4309
1000
1000
4753
1000
1000
1000
1000
4106
1000
1000
1000
1000
1000
1000
1000
4485
4943
4972
4495
4513
1000
1000
1000
1000
1000
1000
1000
1000
1000
1000
1000
1000
1000
1000
1000
1000
1000
1000
1000
1000
4991
4838
4923
4474
1000
1000
4705
1000
1000
1000
4367
4942
1000
1000
1000
1000
1000
1000
1000
1000
1000
1000
4289
1000
1000
1000
1000
1000
1000
1000
1000
1000
4911
1000
1000
4471
1000
1000
1000
1000
1000
1000
4833
1000
1000
1000
1000
1000
1000
1000
4648
1000
1000
1000
4423
1000
1000
1000
4787
1000
1000
1000
4915
1000
1000
1000
1000
1000
4264
4033
1000
4914
4093
1000
1000
1000
1000
1000
1000
1000
1000
1000
4056
4812
1000
4626
1000
1000
4077
4193
1000
1000
1000
1000
4001
4155
1000
1000
1000
1000
1000
1000
1000
1000
1000
4304
1000
1000
1000
1000
1000
4159
1000
4696
4726
1000
4860
1000
4735
1000
1000
4126
1000
1000
1000
1000
4595
1000
1000
1000
1000
4377
1000
1000
1000
4580
1000
4134
4015
4956
1000
4850
1000
1000
1000
1000
1000
1000
1000
1000
4841
1000
1000
1000
1000
1000
1000
1000
4733
1000
1000
4083
1000
1000
1000
1000
4738
1000
1000
1000
1000
1000
1000
1000
4070
1000
1000
1000
1000
1000
1000
1000
1000
4507
1000
1000
4589
4663
1000
1000
1000
1000
1000
1000
1000
1000
1000
1000
1000
1000
1000
1000
1000
1000
1000
1000
1000
1000
1000
4619
1000
1000
1000
4257
4810
1000
1000
1000
1000
4834
1000
1000
1000
1000
1000
1000
1000
1000
1000
1000
1000
1000
1000
4256
1000
1000
1000
1000
1000
1000
1000
1000
1000
1000
4999
1000
1000
1000
1000
1000
1000
1000
1000
4006
1000
1000
1000
1000
4493
1000
1000
1000
1000
1000
4813
4645
1000
1000
4494
1000
4509
4729
1000
1000
1000
1000
1000
1000
1000
4201
4044
1000
1000
4245
1000
4538
1000
4259
4403
1000
1000
1000
4331
1000
1000
1000
4835
1000
1000
1000
1000
1000
1000
1000
1000
1000
1000
1000
1000
1000
1000
1000
4664
4532
1000
1000
1000
4718
1000
1000
1000
4012
1000
1000
1000
1000
4941
1000
1000
1000
1000
1000
1000
1000
4132
4654
1000
1000
1000
1000
4676
1000
1000
1000
1000
4004
1000
1000
1000
1000
4088
1000
4891
1000
1000
1000
1000
1000
1000
1000
1000
1000
1000
1000
1000
1000
1000
1000
1000
1000
1000
1000
1000
1000
1000
4909
1000
1000
4094
4381
1000
4236
1000
1000
1000
1000
1000
1000
1000
1000
1000
1000
1000
1000
1000
4938
1000
1000
1000
1000
1000
1000
4273
1000
4561
1000
1000
1000
1000
1000
1000
1000
1000
4736
1000
1000
1000
1000
4801
4907
1000
1000
4732
1000
1000
1000
4202
4762
1000
4025
1000
1000
1000
1000
1000
4892
1000
1000
1000
1000
1000
4459
1000
1000
1000
4843
1000
4525
1000
1000
4982
1000
4349
1000
1000
1000
1000
4182
1000
1000
1000
1000
1000
4206
1000
4644
1000
1000
1000
1000
1000
1000
1000
4158
4280
4040
1000
4756
1000
1000
4394
4780
1000
1000
1000
1000
1000
1000
1000
1000
4043
1000
1000
1000
1000
1000
4678
1000
1000
1000
1000
1000
1000
1000
1000
1000
4798
1000
1000
1000
4757
1000
1000
4163
1000
4884
1000
1000
4372
1000
1000
1000
1000
1000
1000
1000
4366
1000
4861
1000
1000
1000
1000
1000
1000
4382
1000
1000
4162
1000
1000
1000
1000
1000
1000
4110
1000
4706
1000
4431
1000
4037
1000
1000
1000
4368
4806
1000
1000
1000
1000
1000
1000
4416
1000
1000
1000
1000
1000
1000
1000
1000
1000
1000
1000
1000
1000
1000
1000
1000
1000
4674
4243
1000
1000
1000
1000
1000
1000
1000
1000
1000
1000
4221
1000
1000
1000
1000
1000
1000
1000
1000
4707
1000
1000
1000
1000
1000
1000
1000
1000
1000
4808
1000
1000
1000
1000
1000
1000
1000
4498
1000
1000
1000
1000
1000
1000
1000
4468
1000
4228
1000
4951
1000
4144
1000
1000
1000
1000
4138
1000
1000
1000
1000
1000
1000
4653
1000
1000
1000
1000
1000
1000
1000
4251
1000
1000
1000
1000
4108
1000
1000
1000
1000
4306
1000
1000
4417
1000
1000
1000
1000
4204
1000
1000
1000
1000
1000
1000
1000
1000
1000
1000
1000
1000
4847
1000
1000
1000
1000
1000
1000
1000
1000
1000
4107
4396
1000
4167
4802
1000
1000
1000
1000
1000
1000
1000
1000
1000
4239
1000
1000
1000
1000
4401
4614
1000
4694
1000
1000
1000
1000
1000
1000
1000
4584
1000
1000
1000
1000
1000
1000
1000
4851
1000
1000
1000
4868
1000
1000
1000
4947
1000
1000
1000
1000
1000
1000
4607
1000
4517
4008
1000
4141
4543
1000
1000
1000
1000
1000
1000
1000
4268
1000
1000
1000
4540
1000
1000
1000
1000
1000
1000
1000
1000
1000
1000
4755
1000
1000
1000
1000
1000
5000
1000
1000
4278
1000
1000
1000
1000
1000
1000
1000
1000
4526
1000
1000
1000
1000
1000
1000
1000
4571
4728
1000
1000
1000
1000
1000
4332
4342
4996
1000
4010
4262
1000
1000
1000
1000
1000
1000
1000
4325
1000
1000
1000
1000
1000
1000
4312
4994
1000
1000
4492
4549
1000
1000
4562
1000
1000
4437
4797
1000
1000
4440
1000
1000
1000
1000
4727
1000
1000
4161
1000
1000
1000
1000
1000
4865
1000
1000
1000
1000
1000
1000
1000
1000
1000
1000
1000
1000
4950
4593
4376
4432
1000
1000
4441
1000
4958
1000
1000
1000
1000
4118
1000
1000
1000
4479
1000
1000
1000
1000
1000
1000
1000
1000
1000
1000
1000
1000
1000
1000
4271
1000
4066
1000
4452
1000
1000
4215
1000
4547
4391
1000
1000
1000
1000
1000
1000
1000
1000
1000
1000
1000
1000
1000
4844
1000
4883
1000
1000
4970
1000
4995
1000
1000
1000
1000
1000
4661
1000
1000
4918
1000
1000
1000
1000
4176
1000
1000
1000
1000
1000
1000
1000
4784
1000
1000
1000
1000
4177
1000
1000
1000
1000
1000
1000
4686
1000
1000
4058
4975
4427
1000
1000
1000
1000
1000
1000
1000
1000
1000
1000
1000
1000
1000
1000
1000
1000
1000
1000
1000
1000
1000
1000
1000
1000
1000
1000
1000
1000
1000
1000
4049
1000
4771
1000
1000
1000
4191
1000
1000
1000
1000
1000
4295
1000
1000
4320
1000
4180
1000
4600
1000
1000
1000
4767
1000
4153
1000
4482
1000
4741
1000
1000
1000
1000
1000
1000
4579
1000
1000
4866
1000
1000
1000
1000
1000
4852
4921
1000
1000
1000
1000
1000
1000
1000
1000
1000
1000
1000
1000
1000
1000
1000
1000
4028
1000
1000
4480
4887
1000
4255
1000
1000
1000
1000
4814
1000
1000
1000
1000
1000
4988
1000
4192
1000
1000
1000
1000
1000
1000
1000
1000
4359
1000
1000
1000
1000
1000
1000
1000
1000
4318
1000
1000
1000
1000
1000
1000
1000
1000
1000
1000
1000
1000
1000
1000
1000
4748
4026
1000
1000
1000
1000
1000
1000
1000
1000
1000
1000
4952
4983
1000
1000
4730
1000
1000
1000
1000
1000
1000
1000
1000
1000
4528
1000
1000
1000
1000
1000
1000
1000
1000
4745
4684
1000
1000
1000
1000
1000
1000
1000
1000
1000
4922
1000
1000
4248
1000
1000
4099
1000
1000
4249
4627
1000
1000
1000
4886
1000
4744
1000
1000
4294
1000
1000
4078
1000
1000
1000
1000
4274
1000
1000
1000
1000
1000
1000
4585
1000
1000
1000
1000
1000
1000
1000
1000
1000
1000
1000
4385
4285
4121
4859
1000
4151
1000
1000
1000
1000
1000
4564
1000
1000
4242
1000
1000
1000
1000
4102
4211
1000
1000
1000
1000
4515
4461
4624
1000
1000
4993
1000
1000
1000
1000
4486
1000
1000
1000
1000
4858
1000
1000
1000
1000
1000
1000
1000
1000
1000
1000
1000
1000
1000
1000
1000
1000
1000
4119
4067
1000
4252
1000
1000
4339
4934
1000
1000
1000
1000
1000
1000
4510
1000
1000
1000
1000
1000
1000
1000
1000
1000
1000
1000
1000
1000
1000
4944
1000
1000
1000
1000
1000
1000
1000
4316
1000
1000
1000
1000
1000
1000
1000
1000
1000
4563
1000
1000
1000
1000
4363
1000
1000
1000
1000
4617
1000
4220
4453
1000
1000
1000
4233
1000
1000
4477
1000
1000
4620
1000
1000
1000
1000
1000
1000
1000
1000
1000
1000
1000
1000
1000
1000
1000
1000
1000
1000
1000
4557
1000
1000
1000
1000
1000
1000
4321
1000
1000
1000
1000
4036
1000
1000
1000
4628
4778
1000
4114
1000
1000
1000
1000
1000
1000
1000
1000
1000
1000
1000
1000
4709
1000
1000
4704
1000
1000
1000
4360
1000
1000
1000
1000
1000
4399
4445
1000
1000
1000
1000
1000
1000
1000
1000
1000
1000
1000
1000
1000
1000
1000
1000
1000
1000
1000
1000
4127
1000
1000
1000
4154
4722
1000
1000
1000
1000
1000
1000
1000
1000
1000
1000
1000
1000
1000
1000
1000
4374
1000
1000
1000
4439
1000
1000
1000
1000
1000
1000
1000
1000
1000
4009
4084
1000
1000
1000
1000
1000
4566
1000
1000
1000
1000
1000
4633
1000
1000
1000
1000
1000
1000
1000
1000
4796
1000
1000
1000
1000
1000
4371
1000
1000
4751
1000
1000
4904
4817
4912
1000
4116
4896
1000
1000
1000
1000
1000
4392
1000
1000
1000
1000
1000
4420
1000
1000
1000
1000
1000
1000
1000
1000
1000
1000
1000
1000
4354
1000
1000
1000
1000
1000
1000
1000
1000
1000
4170
1000
4863
1000
1000
4671
1000
1000
1000
1000
1000
4046
1000
4340
1000
1000
1000
1000
4811
1000
1000
1000
1000
1000
1000
4822
1000
1000
1000
1000
1000
4505
1000
1000
1000
1000
1000
1000
1000
1000
1000
1000
1000
1000
1000
1000
1000
1000
1000
1000
4567
1000
4740
1000
1000
4208
4373
1000
1000
1000
1000
4974
4979
1000
1000
1000
1000
1000
1000
4649
1000
1000
1000
1000
4016
4411
1000
1000
1000
4042
4657
1000
1000
1000
1000
4038
1000
1000
1000
4313
4721
1000
1000
1000
1000
1000
1000
1000
1000
1000
1000
1000
4936
1000
1000
1000
1000
1000
1000
1000
4670
1000
1000
1000
1000
1000
1000
1000
1000
1000
1000
1000
1000
1000
4660
1000
1000
4521
4559
1000
4021
1000
1000
1000
4529
1000
1000
4551
4386
1000
1000
1000
1000
4992
4512
1000
1000
1000
1000
1000
1000
1000
1000
4765
1000
1000
1000
1000
4045
1000
1000
1000
1000
1000
4501
1000
1000
1000
1000
1000
4184
4491
1000
1000
4429
1000
1000
1000
1000
1000
4795
1000
1000
1000
4253
1000
1000
1000
1000
1000
1000
4007
1000
1000
1000
1000
1000
1000
1000
4337
1000
4556
1000
1000
1000
1000
1000
1000
1000
1000
1000
1000
1000
4539
1000
1000
4426
1000
1000
1000
4303
4407
1000
1000
1000
1000
1000
1000
1000
1000
4969
1000
1000
1000
1000
1000
1000
1000
1000
4023
1000
1000
1000
1000
1000
1000
1000
1000
4700
1000
1000
1000
1000
4254
1000
4035
1000
4933
1000
4446
4750
1000
1000
1000
1000
1000
1000
1000
1000
4188
4818
1000
1000
1000
4364
4856
1000
1000
1000
4250
1000
1000
4968
1000
1000
1000
1000
1000
4688
1000
1000
1000
1000
4297
1000
1000
1000
4587
4018
4783
4590
1000
1000
4530
1000
1000
1000
1000
1000
1000
1000
1000
1000
1000
1000
1000
1000
1000
4344
1000
1000
1000
1000
1000
1000
1000
1000
1000
1000
1000
1000
4234
1000
1000
1000
1000
1000
4095
4845
1000
4447
1000
1000
4668
1000
1000
1000
1000
1000
4687
1000
1000
1000
1000
1000
1000
1000
1000
1000
1000
4057
4000
1000
4537
4878
4522
1000
1000
1000
1000
1000
1000
1000
1000
1000
1000
1000
1000
1000
4621
1000
1000
1000
4428
4545
1000
4222
1000
1000
1000
4484
4782
1000
1000
4632
1000
4425
1000
4877
1000
1000
1000
1000
1000
1000
1000
1000
1000
1000
1000
1000
1000
1000
4460
1000
1000
1000
4442
1000
1000
1000
4990
1000
1000
1000
1000
1000
1000
4198
1000
1000
1000
1000
4187
1000
1000
1000
1000
1000
4864
1000
1000
4216
1000
1000
1000
1000
1000
4693
1000
1000
1000
1000
4065
1000
1000
1000
1000
1000
1000
4406
4967
4555
4932
1000
1000
1000
1000
1000
1000
1000
1000
1000
1000
1000
1000
1000
1000
1000
1000
1000
4511
1000
1000
1000
1000
1000
4103
1000
1000
1000
1000
1000
1000
4836
1000
1000
1000
1000
4804
1000
4785
1000
1000
4572
4588
1000
1000
1000
4500
1000
4924
1000
1000
1000
1000
1000
1000
1000
1000
1000
1000
1000
1000
1000
1000
1000
1000
1000
1000
4470
1000
1000
1000
4998
1000
1000
1000
1000
1000
4466
1000
4666
1000
4246
1000
4487
1000
1000
1000
1000
1000
1000
1000
1000
1000
1000
1000
1000
1000
4327
4692
4219
1000
1000
1000
1000
1000
1000
1000
4575
1000
1000
4063
1000
1000
1000
4226
1000
1000
4611
1000
1000
1000
4101
4761
1000
1000
1000
1000
1000
4212
4839
1000
1000
1000
4903
1000
1000
1000
4622
1000
1000
1000
1000
1000
4412
4825
1000
4419
1000
1000
1000
1000
1000
1000
4569
1000
1000
1000
1000
4625
4631
4075
1000
1000
1000
1000
4266
1000
1000
1000
1000
4846
1000
1000
1000
4815
1000
1000
1000
4524
1000
1000
1000
4244
1000
4456
1000
4483
1000
1000
1000
1000
1000
4238
4977
1000
1000
4713
1000
1000
4348
1000
1000
1000
1000
1000
1000
1000
1000
1000
1000
1000
1000
1000
1000
4341
4685
1000
1000
1000
1000
1000
1000
1000
1000
1000
1000
1000
4916
1000
4842
4443
1000
1000
1000
1000
1000
1000
1000
1000
1000
1000
1000
1000
1000
4205
4577
1000
1000
1000
1000
1000
1000
1000
4570
1000
1000
1000
4061
1000
1000
1000
1000
1000
4300
1000
1000
1000
1000
4152
4519
1000
4949
1000
1000
4123
4830
4384
4754
1000
1000
1000
4346
1000
1000
4675
1000
1000
1000
1000
1000
1000
4397
1000
4583
1000
1000
1000
1000
1000
1000
1000
1000
1000
1000
1000
1000
1000
1000
1000
1000
4971
1000
1000
1000
4881
1000
1000
4618
1000
1000
4985
4105
1000
1000
1000
1000
1000
1000
4149
1000
1000
4824
1000
4438
4981
4109
1000
1000
1000
1000
1000
1000
1000
1000
1000
1000
4059
1000
1000
1000
1000
4115
4196
1000
1000
1000
1000
1000
1000
1000
1000
4629
1000
1000
1000
1000
4207
1000
1000
1000
4917
4871
1000
1000
1000
1000
1000
4630
1000
4413
1000
1000
1000
1000
1000
1000
1000
1000
1000
1000
1000
1000
1000
1000
1000
1000
4535
1000
1000
1000
1000
1000
1000
1000
1000
1000
1000
1000
1000
1000
4546
1000
1000
1000
4558
1000
4355
1000
1000
1000
1000
1000
1000
1000
1000
1000
4928
1000
1000
1000
1000
4714
1000
1000
1000
1000
1000
1000
1000
4301
4829
4586
1000
1000
1000
1000
1000
1000
1000
1000
1000
1000
1000
1000
1000
1000
4635
1000
1000
4506
1000
1000
4451
4145
1000
4214
4662
1000
1000
1000
1000
1000
1000
1000
1000
1000
1000
1000
4791
1000
1000
1000
1000
1000
1000
1000
4820
1000
4350
1000
1000
1000
1000
1000
1000
4763
1000
1000
4598
1000
1000
1000
1000
1000
4079
1000
1000
1000
4002
1000
1000
1000
1000
4889
1000
1000
1000
1000
1000
1000
1000
1000
1000
1000
4005
1000
1000
4261
1000
1000
4263
1000
1000
4308
1000
1000
1000
1000
1000
1000
4039
1000
1000
4173
1000
1000
1000
1000
1000
1000
1000
1000
1000
1000
1000
1000
1000
1000
1000
1000
1000
4335
4293
4455
1000
1000
1000
1000
1000
1000
1000
1000
4398
1000
1000
1000
1000
1000
1000
1000
1000
4322
1000
1000
1000
1000
1000
1000
1000
1000
4935
1000
1000
4901
4552
1000
1000
1000
1000
1000
1000
1000
1000
1000
1000
4623
1000
4022
1000
1000
1000
1000
4136
1000
1000
1000
1000
1000
1000
1000
1000
1000
4667
1000
1000
1000
4062
1000
1000
1000
1000
1000
4536
1000
1000
4955
4855
1000
4605
1000
1000
1000
1000
1000
1000
4894
1000
4481
4223
1000
4338
1000
1000
1000
4052
1000
1000
1000
1000
1000
1000
1000
1000
1000
1000
1000
1000
4241
1000
1000
4055
1000
1000
4899
1000
4133
4596
1000
1000
1000
4760
4178
1000
1000
1000
1000
1000
1000
4987
1000
1000
1000
4283
1000
1000
4166
1000
1000
1000
1000
4527
1000
1000
1000
1000
1000
1000
1000
1000
1000
4217
1000
1000
1000
1000
1000
1000
1000
4793
1000
1000
1000
1000
4168
4171
4330
4634
1000
1000
4378
1000
1000
1000
1000
1000
1000
1000
1000
1000
1000
1000
1000
4465
1000
1000
4608
1000
1000
1000
4172
1000
1000
1000
4324
1000
1000
1000
4768
1000
1000
1000
1000
1000
1000
4786
1000
1000
1000
1000
1000
4072
1000
1000
4779
1000
1000
1000
4299
1000
1000
1000
1000
1000
1000
1000
1000
1000
1000
1000
1000
1000
1000
1000
1000
1000
1000
1000
1000
1000
1000
1000
4024
1000
1000
4140
1000
4554
1000
1000
1000
1000
1000
1000
1000
1000
1000
1000
1000
4200
4882
1000
1000
1000
1000
1000
1000
4203
4258
1000
4013
1000
1000
1000
1000
1000
1000
1000
1000
4361
1000
1000
1000
1000
4656
1000
1000
1000
1000
1000
1000
1000
1000
1000
1000
1000
1000
1000
1000
1000
1000
1000
1000
1000
1000
1000
4715
1000
1000
1000
1000
1000
1000
1000
4639
1000
1000
1000
4085
1000
1000
1000
1000
1000
1000
1000
1000
1000
1000
4937
1000
1000
4319
1000
1000
4893
1000
1000
1000
1000
1000
4328
1000
1000
1000
1000
1000
1000
1000
1000
1000
1000
4565
1000
1000
1000
1000
1000
4405
1000
1000
1000
4326
4960
1000
1000
4592
1000
1000
4669
1000
4885
1000
1000
4703
1000
1000
1000
1000
4017
1000
1000
1000
1000
1000
1000
1000
1000
1000
1000
1000
1000
1000
1000
1000
1000
1000
1000
1000
4682
1000
1000
4965
1000
4601
1000
1000
1000
1000
1000
1000
1000
1000
1000
1000
1000
1000
1000
1000
4613
1000
1000
1000
1000
1000
1000
1000
1000
4435
1000
1000
1000
1000
4542
1000
1000
4680
1000
1000
4929
1000
1000
1000
1000
1000
1000
1000
1000
4695
1000
1000
1000
1000
1000
1000
1000
4759
1000
1000
1000
1000
4213
1000
1000
1000
1000
1000
1000
1000
1000
1000
1000
1000
1000
1000
1000
1000
4734
1000
4069
1000
1000
1000
1000
4720
1000
1000
4616
1000
1000
4345
4402
1000
1000
4604
1000
1000
4068
1000
1000
1000
1000
4672
1000
1000
1000
1000
4719
1000
1000
1000
1000
4279
1000
4925
4514
1000
1000
1000
1000
4777
1000
1000
1000
1000
1000
1000
1000
1000
1000
1000
4393
1000
1000
1000
1000
1000
1000
4181
1000
1000
1000
4277
1000
1000
1000
1000
1000
1000
1000
1000
1000
4809
1000
1000
1000
1000
1000
1000
4030
1000
4175
4142
1000
4488
1000
1000
1000
1000
1000
1000
1000
1000
1000
4147
1000
1000
1000
1000
1000
4086
1000
1000
1000
1000
4737
1000
1000
1000
4690
1000
1000
1000
1000
1000
1000
1000
1000
1000
4597
1000
1000
1000
4418
1000
1000
1000
1000
1000
1000
1000
4717
1000
1000
1000
4288
1000
1000
1000
4414
1000
1000
1000
1000
4792
1000
1000
1000
4739
1000
1000
1000
1000
1000
1000
1000
1000
1000
1000
1000
1000
1000
4034
1000
1000
1000
1000
1000
1000
4876
1000
1000
1000
1000
4873
1000
1000
1000
1000
4087
1000
1000
1000
1000
1000
1000
1000
1000
4081
4124
4449
4725
1000
1000
1000
1000
4232
1000
1000
4096
4400
4210
4317
4710
1000
1000
1000
1000
1000
1000
1000
1000
1000
1000
1000
1000
1000
4156
4594
1000
1000
4905
1000
4953
4655
4560
1000
4573
1000
1000
1000
1000
1000
1000
1000
4421
1000
1000
1000
1000
1000
1000
1000
1000
1000
1000
4314
1000
1000
1000
1000
1000
1000
4766
1000
1000
1000
1000
4128
1000
1000
1000
1000
1000
1000
4112
1000
1000
1000
1000
1000
1000
1000
4454
1000
1000
1000
1000
4375
1000
1000
1000
4973
1000
1000
1000
1000
1000
1000
1000
4444
4638
1000
4490
4840
1000
1000
1000
1000
1000
4637
1000
1000
1000
1000
1000
1000
4467
4415
4550
4230
1000
1000
1000
1000
1000
4478
1000
1000
1000
4636
4642
4872
1000
1000
4296
4609
1000
1000
1000
1000
4146
4190
1000
1000
1000
1000
1000
1000
1000
1000
1000
1000
1000
4448
1000
4020
4199
1000
1000
1000
1000
1000
1000
1000
1000
1000
1000
1000
1000
1000
1000
1000
1000
1000
1000
1000
4772
1000
1000
1000
1000
1000
1000
1000
1000
1000
1000
4370
1000
1000
4227
1000
1000
1000
4292
1000
1000
4111
1000
4422
1000
4520
4848
1000
1000
1000
1000
4781
1000
1000
4658
1000
1000
1000
1000
1000
1000
1000
1000
1000
1000
1000
1000
1000
1000
4898
1000
4774
1000
1000
1000
1000
1000
1000
1000
1000
1000
1000
1000
1000
1000
1000
4352
1000
1000
1000
1000
4518
1000
1000
1000
1000
4104
1000
1000
1000
1000
1000
1000
1000
1000
1000
1000
1000
1000
1000
4323
1000
4469
1000
4708
1000
1000
4473
4827
1000
1000
1000
4939
1000
1000
1000
4599
1000
1000
1000
1000
1000
4920
1000
4997
1000
4011
1000
1000
4143
1000
1000
1000
1000
1000
1000
4673
4334
4606
4743
1000
1000
1000
1000
4014
1000
4179
1000
1000
4697
1000
1000
1000
1000
1000
4424
4544
1000
1000
1000
1000
1000
1000
1000
4578
1000
1000
1000
1000
1000
1000
1000
1000
1000
1000
1000
1000
1000
1000
4117
1000
1000
1000
1000
1000
1000
1000
1000
1000
1000
1000
1000
1000
1000
1000
1000
1000
1000
1000
1000
1000
1000
1000
4641
4475
1000
1000
4135
1000
1000
1000
1000
1000
1000
1000
1000
1000
1000
1000
1000
1000
4831
1000
1000
1000
1000
1000
1000
1000
1000
1000
1000
4499
1000
1000
1000
4409
1000
4919
1000
4576
1000
1000
1000
1000
1000
1000
1000
1000
1000
1000
1000
1000
1000
1000
1000
1000
4610
1000
1000
1000
4723
1000
1000
1000
1000
4807
4826
1000
4137
1000
4906
1000
1000
1000
1000
1000
4150
1000
1000
4591
1000
1000
1000
1000
1000
1000
4307
4945
1000
1000
1000
4946
1000
1000
1000
1000
1000
1000
4229
1000
4869
4647
1000
4794
1000
1000
1000
4100
4194
1000
4790
1000
1000
1000
1000
1000
1000
1000
1000
1000
1000
1000
1000
1000
4900
1000
1000
4652
4218
4311
1000
1000
4080
1000
1000
1000
1000
1000
1000
1000
1000
1000
1000
1000
1000
1000
1000
1000
1000
1000
1000
1000
1000
1000
1000
1000
1000
1000
4927
1000
1000
1000
1000
1000
1000
4267
1000
1000
1000
1000
4581
1000
1000
1000
1000
1000
1000
1000
4286
4582
1000
1000
1000
1000
4050
1000
1000
1000
1000
1000
1000
1000
1000
4508
1000
1000
1000
1000
1000
4930
4752
1000
1000
1000
1000
1000
1000
1000
4287
1000
1000
1000
1000
1000
1000
1000
1000
1000
4651
4724
1000
1000
4276
1000
4336
4854
4160
1000
4890
1000
4476
1000
1000
1000
1000
1000
1000
4805
1000
1000
4225
4746
1000
1000
1000
4701
4803
1000
1000
1000
1000
1000
1000
1000
1000
1000
1000
4347
1000
1000
1000
1000
1000
4235
4769
1000
1000
1000
1000
1000
1000
1000
1000
1000
1000
1000
1000
1000
4265
1000
1000
1000
1000
1000
4603
1000
1000
1000
1000
1000
1000
1000
1000
4019
1000
1000
1000
1000
1000
1000
1000
4383
4457
1000
1000
1000
1000
1000
1000
1000
1000
1000
4247
1000
1000
1000
1000
4775
4931
1000
1000
4434
1000
1000
1000
4082
4731
1000
1000
1000
1000
1000
1000
4387
1000
1000
1000
1000
1000
1000
1000
1000
1000
4408
1000
1000
1000
1000
1000
1000
1000
4315
1000
1000
4534
1000
1000
1000
1000
1000
1000
1000
1000
1000
1000
1000
4353
1000
1000
1000
1000
1000
1000
4799
1000
1000
1000
1000
1000
4749
4908
1000
1000
1000
1000
4269
1000
1000
1000
1000
1000
1000
1000
1000
1000
1000
1000
4683
1000
1000
1000
1000
1000
4231
1000
1000
1000
1000
1000
4270
1000
1000
1000
1000
1000
4867
1000
1000
1000
1000
1000
1000
1000
4183
1000
1000
1000
4090
1000
1000
1000
1000
1000
1000
1000
1000
1000
1000
1000
1000
4380
1000
1000
1000
4047
1000
1000
1000
1000
1000
1000
1000
1000
1000
1000
1000
1000
1000
1000
1000
4032
1000
1000
1000
1000
1000
4091
1000
1000
1000
1000
4071
1000
4691
1000
1000
1000
1000
1000
1000
1000
1000
1000
1000
4986
4053
1000
1000
4964
1000
1000
1000
1000
4472
1000
1000
1000
4048
1000
1000
1000
1000
1000
1000
1000
1000
1000
1000
1000
1000
1000
1000
1000
4463
1000
1000
1000
4113
1000
4681
4272
1000
1000
4379
4139
1000
4702
4788
1000
1000
1000
1000
1000
1000
1000
1000
1000
1000
1000
1000
1000
1000
1000
1000
4365
1000
1000
1000
1000
1000
1000
1000
1000
1000
4821
4410
1000
4828
1000
1000
1000
1000
4747
1000
1000
1000
1000
1000
4689
1000
1000
1000
1000
1000
1000
1000
1000
1000
1000
1000
1000
1000
1000
1000
1000
1000
1000
4764
1000
1000
1000
1000
1000
1000
1000
1000
1000
1000
4197
1000
1000
4051
4164
1000
1000
1000
1000
1000
1000
1000
4125
4041
1000
1000
1000
1000
1000
1000
1000
1000
1000
1000
1000
1000
1000
1000
1000
1000
4857
1000
1000
1000
4770
1000
1000
1000
1000
1000
4131
1000
1000
4195
1000
1000
1000
1000
1000
4978
1000
1000
1000
1000
1000
1000
1000
1000
4092
1000
1000
1000
4699
1000
1000
1000
4497
4879
4940
4186
1000
1000
1000
1000
4962
1000
1000
1000
1000
1000
1000
1000
1000
4870
1000
1000
1000
1000
1000
1000
1000
1000
1000
1000
1000
4679
4758
1000
1000
1000
1000
1000
1000
1000
1000
1000
4073
1000
1000
1000
1000
4395
1000
4862
1000
1000
1000
1000
1000
4966
4029
4716
1000
1000
1000
1000
1000
1000
1000
1000
1000
1000
1000
1000
1000
1000
1000
1000
1000
1000
1000
4789
1000
1000
1000
1000
1000
1000
1000
1000
1000
1000
1000
1000
1000
1000
1000
1000
4237
1000
1000
1000
1000
1000
1000
1000
1000
1000
1000
1000
1000
4284
1000
1000
1000
1000
1000
1000
1000
4504
4961
1000
1000
1000
4464
1000
1000
1000
4742
1000
1000
1000
1000
1000
4888
1000
1000
1000
1000
4895
4980
4458
1000
1000
1000
1000
4358
1000
1000
1000
1000
1000
4541
1000
4489
1000
1000
1000
1000
1000
4357
1000
1000
1000
1000
1000
1000
1000
4553
1000
4837
1000
1000
1000
1000
1000
1000
1000
1000
1000
1000
4957
1000
1000
1000
1000
1000
1000
1000
1000
4003
1000
1000
1000
4224
4568
4832
1000
4677
1000
1000
4963
1000
4711
1000
1000
1000
1000
1000
1000
1000
4433
1000
1000
4122
4291
1000
1000
1000
1000
1000
1000
1000
1000
1000
1000
1000
4430
1000
1000
1000
4282
4281
4129
1000
1000
1000
1000
1000
4823
1000
1000
4148
1000
1000
1000
1000
4343
1000
1000
1000
1000
1000
1000
4060
1000
1000
4362
1000
1000
1000
1000
1000
4302
1000
1000
1000
4954
1000
4174
1000
4816
1000
1000
1000
4516
1000
4698
1000
1000
1000
1000
1000
1000
1000
1000
1000
1000
1000
4329
1000
1000
1000
1000
1000
1000
1000
1000
1000
1000
1000
1000
1000
4602
1000
1000
1000
1000
4959
1000
4650
4926
1000
1000
1000
1000
1000
1000
1000
1000
1000
1000
1000
1000
4646
1000
1000
1000
1000
1000
1000
1000
4157
4849
1000
1000
1000
4120
1000
1000
4853
1000
1000
1000
1000
1000
1000
1000
1000
1000
4989
1000
1000
1000
1000
1000
1000
1000
1000
1000
1000
1000
4640
1000
1000
1000
4333
1000
4533
1000
1000
1000
1000
4548
1000
1000
1000
1000
1000
1000
1000
1000
1000
1000
1000
1000
1000
4773
1000
1000
1000
1000
1000
1000
1000
1000
1000
1000
1000
1000
4436
1000
1000
1000
4404
1000
1000
1000
4462
1000
1000
1000
1000
1000
1000
1000
1000
1000
4027
4976
4948
4984
1000
1000
4031
1000
4351
1000
1000
1000
1000
1000
1000
1000
4612
1000
1000
1000
1000
1000
4450
1000
1000
1000
4531
1000
1000
1000
1000
1000
1000
4902
1000
1000
1000
1000
1000
1000
1000
1000
4240
1000
4502
1000
1000
1000
1000
1000
1000
1000
1000
4913
4874
1000
1000
1000
1000
1000
1000
1000
1000
1000
1000
1000
1000
1000
1000
1000
1000
1000
1000
4356
1000
4712
1000
1000
1000
4089
4097
1000
1000
1000
4076
1000
1000
1000
1000
1000
1000
1000
1000
1000
4074
1000
1000
1000
4130
4643
1000
1000
4615
1000
1000
1000
4390
1000
1000
1000
1000
1000
1000
1000
1000
1000
1000
4305
1000
1000
4897
1000
1000
1000
1000
1000
1000
4523
1000
1000
1000
1000
1000
1000
1000
1000
1000
1000
1000
1000
1000
1000
1000
1000
1000
1000
1000
1000
1000
4496
1000
1000
1000
1000
1000
1000
1000
1000
1000
1000
1000
1000
1000
1000
4503
1000
4290
1000
1000
1000
1000
1000
1000
1000
1000
1000
1000
1000
1000
1000
1000
4800
1000
1000
4260
1000
1000
1000
1000
1000
1000
1000
4665
1000
4098
1000
1000
1000
4910
1000
1000
1000
1000
1000
4310
4574
1000
4275
1000
4776