5775
4545
3670
4451
1027
3264
7644
62
3569
4262
5316
9858
3630
4324
495
1381
2988
4765
8933
7935
5524
7999
8156
992
8895
472
4918
5809
4232
8738
3523
1697
9417
9580
4469
7265
326
1356
7026
1778
51
582
9913
3706
8017
7152
2121
2649
6206
6858
6517
8913
2219
4179
2949
6852
1568
4854
9121
2863
7056
8199
1503
9327
6877
5335
9792
3339
6017
5614
6400
8700
2926
5054
3896
7493
8850
9996
4118
5843
2011
4530
3971
5643
7458
2004
4792
2654
6962
2720
7561
6714
41
6964
8614
2489
9403
380
1477
7403
8477
2987
4271
6281
3734
7196
6235
8745
8836
9104
1401
4550
2167
9796
9812
7552
79
2283
9026
409
7622
1724
5456
4955
9235
9961
2141
7331
8355
2408
3922
7104
2457
6891
3910
7262
4978
6440
8743
4458
8931
8273
9073
8338
8675
8890
7826
1962
6750
9111
4377
5751
8842
9678
119
1214
3428
4057
6677
3306
4546
6343
9009
4889
9433
5837
3688
5369
6368
1541
4892
2686
6386
6410
6096
9407
9887
9635
1602
2889
8332
4321
828
7489
8761
3632
3703
4524
5145
5562
1184
5618
8709
9043
3444
2990
4069
161
1292
3096
4722
7396
3847
8364
4298
5869
505
5496
9993
9908
2946
1126
842
2847
8129
1360
1810
9471
5414
7173
683
3531
2999
9676
1553
9828
4219
4345
8476
9688
1941
6044
7948
5144
8339
3060
8150
2790
9185
9946
6153
7121
8699
5639
5288
5972
7630
7302
253
4789
1666
9496
9625
7274
5130
8757
3763
9899
9224
3652
5070
211
283
2472
9633
1040
1907
4301
926
2368
2905
700
2620
2734
2214
3341
9842
9273
4000
4971
1565
7780
3574
7718
9041
1777
8018
5806
7250
7398
7348
8110
425
6
1881
4815
6645
7621
413
7783
6179
9033
4717
5342
5512
5360
1243
3140
8137
2479
7373
2872
4981
7371
5881
1921
4510
1226
5107
1520
2273
943
976
2118
6166
9200
8557
9753
3604
7745
4508
6748
1793
8288
95
6274
1522
6967
7910
9530
9160
6719
4079
6071
3356
1465
9785
2387
3908
209
5971
2694
3615
7084
403
4371
9872
4766
7600
623
8394
9464
3897
7103
3234
3915
7887
9295
4653
6077
4107
1684
594
1006
1657
9423
5532
6217
7324
1848
959
3472
423
5068
9978
2430
5364
5677
7583
9793
7466
9962
2290
4866
9164
9725
1774
4849
9969
7205
2092
1638
5294
5832
8168
6330
1982
4123
6670
4668
5462
1311
3479
484
7732
479
4696
7871
1574
6625
4644
2805
832
535
7085
3792
4973
4571
3794
7129
7642
9823
2027
7872
5820
5873
2083
8295
5926
9272
7366
8485
1408
6856
9050
3889
5588
6767
6734
5717
222
6950
8206
3217
4503
4671
2822
8095
2736
5969
8603
2953
5474
8417
3833
7143
7666
2400
5100
2193
7645
9876
5812
2009
1534
6629
9806
7381
9256
3510
1799
355
2435
486
2962
6994
650
5747
7667
2467
2311
8664
4403
5953
5755
6142
3396
6581
67
1485
2613
4963
9597
1100
1309
6384
6626
6366
969
3711
6369
1488
9959
6597
6869
5879
2352
7174
8049
8243
1696
614
7009
7195
7002
1200
1978
1651
5125
9979
3153
8950
5544
6579
7257
5825
6624
3352
6050
4965
1421
3968
8429
4378
7321
476
429
341
2869
1301
3373
9292
7133
3628
6066
8517
5859
1888
151
6935
2427
6100
9955
818
5386
311
998
9390
3671
5191
8503
3077
5223
9631
3618
4302
4926
431
694
2491
634
1124
9975
6207
7011
8014
8567
2662
447
2173
4011
6256
3487
1728
3401
208
1496
8705
7657
6751
9439
3926
1106
6463
6139
6506
1453
3098
9626
9044
9582
4526
7015
4086
6776
1920
954
4414
1701
5457
6828
9985
3714
3801
4446
1102
5044
5942
6635
9108
5793
5224
3978
6570
8094
8891
804
3717
5451
9193
9636
9819
2460
9057
1760
3658
544
2908
6240
4822
6341
5704
9222
1416
8727
9174
5123
8627
258
3065
4001
7201
8754
7939
5030
731
180
1025
9368
5436
2328
6038
2003
5993
1756
6781
9649
387
3443
1028
8926
1377
6373
6145
6042
143
6315
3610
261
8604
4642
6643
1026
3432
2562
4874
3589
8793
9375
4786
6911
136
4350
295
925
382
8808
2018
8077
6057
7086
8072
2997
6190
3148
8438
3048
8676
2473
2731
9672
398
4542
2104
7997
9916
3281
5931
9927
2240
8004
8764
3490
6218
7498
5093
2525
5127
4685
1821
1964
2837
8546
6272
4556
5584
4357
3226
1891
2198
3914
4850
6080
9269
7503
2811
8883
9512
4697
335
7596
9938
6086
6596
8425
5845
2481
4969
7927
4772
3621
1547
9526
4783
2049
5727
6304
682
1950
5912
8936
9208
2791
7499
7182
5814
3009
8194
4417
5700
4934
2551
5243
2451
1446
5218
6113
2220
8765
5163
7471
1646
4018
1090
3598
890
5517
9548
3646
5303
1850
3878
9120
9068
7514
3895
7295
4759
5507
6129
9809
7292
7652
3343
6706
9306
7598
9851
3230
4342
4947
6036
6478
4182
8481
2681
2976
3345
6423
523
774
9778
9489
8204
8702
9422
7601
3722
4879
9257
5828
7566
6078
9003
2546
8605
1343
4921
3680
1690
3383
1752
1014
177
2034
5936
850
3810
6157
4564
8408
591
7481
9348
4089
6621
419
3552
6482
552
3634
236
655
7967
287
7132
8061
9833
4152
1569
9124
8112
1054
2090
2852
3727
6167
6367
9297
9488
748
3768
4679
4662
4455
4708
3470
5741
5902
5720
7893
9346
6529
9863
1951
2447
4362
1142
9304
277
1688
9404
6444
4481
6791
754
134
1244
7004
187
2679
8655
89
7696
6563
8216
5676
5021
235
1224
5844
8457
4191
7305
9702
8016
8753
1972
4206
3754
7571
82
2560
2505
2626
3292
7856
1240
64
787
3081
6490
4888
8989
2633
1909
5445
7639
1098
3555
5539
721
9710
2754
3655
7686
8133
8305
691
6178
7108
2989
8719
2066
241
2213
1889
6245
7291
7238
299
5480
6294
7486
3648
9253
2258
2256
6397
1952
4946
2277
490
5687
8720
2123
7225
7563
3021
820
1506
150
9983
1806
9748
6816
6972
6616
5033
4242
8790
7510
2924
7865
2047
5019
7964
5654
1625
6253
9205
9241
4802
7996
5034
7799
3559
7354
6049
199
4207
7012
2765
3877
6001
8296
8566
3977
6546
4656
2105
4019
4416
9673
4989
1726
3434
8085
6736
6888
1423
5173
6037
8506
5870
8712
6583
336
3721
8212
5965
9692
4411
5976
6451
6765
6666
703
4170
4419
7497
5611
8592
1649
6396
4477
6326
2538
8478
6189
3902
6920
239
7306
885
1305
4470
8031
3568
2318
8236
4178
1885
2645
7909
8318
1955
5161
7194
388
8261
9196
3130
6672
9513
2759
3909
2440
4390
5650
7770
1627
2474
9086
9926
9427
3695
3204
3411
8471
2419
3609
2537
4523
4388
5313
3508
6762
6942
7277
325
3011
7518
9976
2241
3741
1300
3723
5951
6909
7424
7512
4922
5363
6552
7945
2381
1614
868
1787
2749
9434
7457
8118
2574
4213
7551
1370
1641
1776
8493
541
2205
3719
285
660
7362
8609
7539
5443
85
1993
3529
364
4607
1405
4167
1217
105
312
3219
8491
9910
5206
3452
6544
608
1075
3911
4484
6617
1379
9232
2149
9095
1473
8433
8986
390
4151
4742
5340
9076
7918
816
106
5004
9898
3940
5042
5435
6649
4735
5341
1659
4374
8782
8538
4094
2313
5634
7435
7064
8040
9315
2701
2844
3382
4970
3654
9687
5292
7159
7181
6773
7684
8914
3297
7993
4864
9906
5928
6857
1345
870
2623
3133
3101
7293
8902
853
6181
5508
7081
4423
5309
4063
1874
3304
4172
6627
5028
4193
6276
8591
9282
7641
8937
3037
9783
1737
3458
4453
1291
4006
7252
5264
6998
5746
2327
858
7858
3954
4958
4367
9284
3290
8817
5797
4333
5139
735
1656
753
1859
8171
2031
40
2062
9037
2218
1689
8038
4833
3031
4384
6545
629
4366
9769
8015
1611
5991
9152
4394
6332
8744
3533
3107
3414
6914
4841
4322
9576
2617
8430
2567
2784
4967
7876
4188
8945
5938
2814
3179
7175
8011
9014
886
7568
2664
8424
3276
9325
8594
8315
2325
6429
1205
9693
9963
8483
1386
5317
6019
6491
7491
7674
3969
4710
9098
1624
6479
9165
6772
8392
5398
6899
4422
7216
6894
9036
7984
1177
6646
3045
8726
381
3050
3545
2535
5748
780
1422
9424
7612
9384
1252
2012
2921
6290
4218
5919
3749
5555
7105
8773
1225
2268
4780
6516
6746
7409
5449
2212
6798
4153
1857
4901
7748
8198
9123
880
2043
2569
8519
2861
8027
9867
7627
3760
8000
4567
2762
7236
8275
2677
5554
6266
351
4216
833
4080
7683
2761
5389
9279
5601
7908
7746
773
2609
1335
1598
6655
7245
7022
2032
759
3303
8411
8076
3831
8353
359
5391
5401
7490
3252
4924
5390
1157
6648
7603
666
1461
4440
6342
1403
4355
9506
2142
1766
7253
7679
750
2967
9771
7038
507
836
4124
8570
1725
1053
2555
861
3981
5226
2423
2233
9720
4928
9525
1835
5645
5009
6841
3880
9480
5865
5882
8508
8959
8284
389
1020
5057
4059
5934
7814
2639
6782
3985
102
1174
7007
9377
9772
524
2778
7714
1017
1349
8756
2281
4370
9355
1501
3079
4790
7845
4588
3837
8942
855
9637
7617
3038
7779
4050
5699
7431
3476
3745
7592
809
2113
7989
9189
1829
3170
8887
1231
233
4331
2526
9270
2845
8234
1341
9981
3947
6422
3886
8064
474
3314
90
5607
6131
7784
6105
8193
962
2442
8659
3158
6897
2380
8707
5690
6568
6434
1173
1963
1929
6267
8857
2899
6549
4957
9266
9629
7235
433
9630
5469
7427
9911
3246
8749
9820
1855
1259
7797
5981
6799
1577
5432
7662
5766
3236
3008
9718
3871
2298
5646
6023
8160
9381
2349
3227
9029
1875
3277
315
2702
6548
2843
2809
183
1618
3249
2797
3146
3679
4127
8439
12
6878
4812
3273
4060
1387
7785
9171
6108
2254
4734
7646
4282
7844
4168
9391
7193
5208
8494
1008
6814
1559
4983
9807
3466
3014
9754
1371
6755
2068
4
2740
9895
2684
5045
5066
4498
9
5595
9707
1145
768
7380
1992
2070
9890
1375
2655
6933
1679
3381
2075
5041
5560
7981
2426
289
7120
371
6087
9133
2099
7576
2443
8812
8067
7226
9211
6535
8187
6321
6484
6530
7810
8642
7233
489
1986
2800
7046
7401
1981
9091
6428
5743
374
3329
1236
4548
4698
9168
6264
1755
7903
9822
2542
1902
5247
5404
2918
3144
1794
4281
5256
945
1575
7884
8610
1263
1172
4541
9881
2036
2711
6199
7475
7242
1253
8056
6471
6796
4980
5852
1029
3324
5385
7843
2721
6864
897
5007
1880
5266
2428
8938
2920
9544
5846
596
763
5097
5794
6527
5966
9561
1677
3403
3672
5194
1897
4811
3651
3417
6349
736
9326
3905
5464
9662
1956
2251
1858
7364
6898
7977
1825
3251
6093
6826
9722
686
4356
8230
8568
3962
4801
5829
5757
2202
2554
5005
6651
2342
7413
188
1822
3052
8991
2098
3740
1749
3819
5122
8222
8410
944
1012
7717
4495
7287
2390
4344
4905
5509
9493
1616
9350
4289
3119
6126
679
5701
3868
7434
7938
34
365
7142
9847
4884
9948
4421
1838
5914
2037
4015
9083
4646
1973
2564
5756
7224
7517
577
2730
4624
5349
4308
7494
5067
8262
1744
3298
8626
9714
3761
7892
9360
4299
6170
9106
8316
470
6289
9878
5380
6355
5454
2296
1153
621
7352
8389
6912
9376
7304
2382
6438
7219
8151
4594
7579
2834
2556
3820
7574
481
1168
1444
8145
8690
5059
3186
469
8369
1662
7587
6004
1101
8445
4288
8272
761
4189
480
2210
5365
3266
6608
8666
9385
4181
5795
9099
8736
725
4491
5887
266
7953
3557
4787
9935
7279
138
8409
3002
6391
1456
5578
984
847
7614
6937
2853
367
8169
2961
8869
1492
149
3267
3469
616
2602
5886
8297
7214
1797
3635
2204
8346
3803
2039
1758
4082
4147
6744
609
8637
1597
8278
9670
9151
7802
3989
5884
1448
2656
5810
9498
2943
6573
8691
6926
2468
4948
3430
7162
4445
8813
9667
3993
556
4598
1426
3238
2332
7750
6580
1816
3827
4629
5158
9395
5259
2533
8287
445
7079
3178
7130
7271
8966
9588
7020
3205
4990
5697
3660
7402
8231
4914
8889
9167
6949
8089
7550
6375
6908
8143
7232
2224
5905
1863
2140
5155
7628
2499
7059
9405
1186
1288
2815
5840
2353
2777
3560
464
2409
628
7176
1753
1123
1741
3752
2452
3429
7681
2713
9528
8023
9491
6288
3956
88
4180
9441
5017
471
5258
3154
1867
9873
7411
440
627
6873
7632
4428
610
1325
9652
9671
332
525
786
7519
7580
296
8256
930
3859
6399
4681
7952
6394
932
7169
3185
5773
5557
7824
8978
4628
1463
2938
5996
7694
2208
2603
9162
2295
3939
5415
5718
1998
4354
3991
8111
4105
8237
2156
5016
4406
7640
9234
2373
4751
3245
2398
5241
7672
6090
7846
920
3535
3725
6787
8787
4380
835
6382
4274
5609
8250
6117
9247
3022
6684
9682
568
955
5988
497
3781
2756
4610
8941
7437
7334
7363
4106
207
4842
1338
1900
3135
4439
4319
7433
6584
9541
3656
6785
9100
9624
1723
6048
6642
7468
4285
5460
5778
971
6201
8174
896
3394
5406
1899
7089
3755
6846
1354
9453
1594
4135
7119
8809
9668
6296
3661
356
8996
8708
1212
8465
1849
7400
5434
1148
8345
344
2529
2913
3076
9861
2242
59
2411
8530
9149
7866
528
4256
4320
7509
7183
8748
3583
4847
1131
5868
7330
7880
2964
6511
7564
9875
8686
3018
4927
5872
745
788
4569
618
6418
1192
1976
6122
965
7264
3066
5798
6551
4369
8746
3057
3224
9336
3481
2688
7870
7211
5275
6789
734
54
2552
8820
5500
2000
6173
6244
173
678
9608
6402
2071
3629
1531
7637
8351
7134
210
4068
7392
4365
6056
216
2739
4755
9426
2965
7063
2177
2549
3
5684
6606
7432
9361
716
910
974
857
1437
846
5061
7883
5003
5977
6364
7991
8733
9313
6977
8163
7336
9794
1450
3062
1237
6285
9338
176
907
8513
3168
9197
2582
8304
1099
5397
7261
1221
1934
8213
1414
3109
3622
8875
7502
9274
3519
5935
1298
5648
3190
5949
4221
192
2403
3165
3864
4693
6232
4640
6032
2514
4872
3919
8314
1116
4404
2082
1023
3576
2534
8641
9880
8432
1494
7963
4257
7584
2960
3890
5314
6213
8161
9900
9684
7983
4684
8818
5964
8811
2783
5613
346
8920
9970
8136
8868
9437
9442
1067
1431
6104
2055
3999
9337
9444
1135
3087
5617
1840
4121
4515
8399
1930
8924
803
2871
4449
948
919
4143
6282
783
5295
4793
8521
8434
5361
6474
8510
4190
1245
9019
4140
3521
3599
5410
9591
8885
6676
2901
8974
3650
7365
2519
6060
2321
7790
7367
1161
5431
6007
6465
9995
9829
7616
4457
6333
4976
7032
8684
2764
318
2014
6082
9473
3111
6314
7029
9034
8042
5527
259
751
3925
6323
9882
1800
5
4259
7768
777
2275
2597
3195
707
1302
1563
680
4024
6800
2774
2456
8901
1272
5790
6835
2906
9547
6350
2127
1369
342
274
2503
4960
8897
8422
2487
9535
2343
1372
4804
4227
5841
2192
3683
1139
9736
1312
8647
9126
7187
2875
5031
3855
3970
2186
5930
7961
3321
5973
7443
7408
6660
9669
5941
461
5983
6968
2288
3145
1190
2150
3788
7575
8006
8834
737
2738
2102
6265
7811
9134
4606
605
7410
301
3935
5240
9920
8122
71
3172
8317
3421
9308
3006
8300
9418
875
8454
1830
4806
5730
6161
4853
9486
372
1663
3839
5940
3673
3899
587
5896
8050
9805
8090
1407
3699
6015
602
9163
9628
5858
6149
1296
4829
8559
1019
6499
9599
8703
5319
9309
7058
4264
7128
4622
2143
8196
8142
1664
7025
9287
9742
6687
7916
9824
4008
6966
411
2478
3513
8638
778
6605
8762
8615
4447
8631
6241
1182
2366
5148
9644
9181
6228
6543
2356
4363
3035
4431
1540
1783
3131
9115
7950
7406
5133
7127
7066
3637
4326
4081
7648
1007
1334
3125
2992
1147
2458
4234
5728
185
3946
8927
1510
6639
817
3216
4819
6357
7988
5572
7839
4410
8152
7319
1339
9469
554
2060
991
1362
9435
4528
1383
4561
6813
7116
3875
8472
4284
5000
6847
6084
8778
5289
2133
1582
3228
4664
7500
672
2935
5945
1185
7035
8770
865
7207
5430
8829
6043
5305
6436
8104
5048
7141
749
2536
6128
5135
5691
7957
4670
7664
1152
1455
4263
4586
8001
3973
2089
2851
9067
9209
1002
4726
9846
3822
6127
9263
1754
3603
3143
5091
7525
7446
8329
3344
7395
3751
6587
9305
2238
4244
9366
6973
8039
657
670
5610
5939
6887
837
5992
8617
6003
1457
5481
1513
5170
6029
7076
4712
4214
3941
2008
6172
9945
603
5489
152
8406
9760
4502
7417
7488
6424
3746
5055
9538
1058
8861
7239
1125
6271
6099
9589
2393
6487
8008
1804
9782
1634
6830
5530
5442
492
1270
966
9595
1629
2840
6903
2816
5551
6045
1722
4236
5376
1323
3348
1480
6053
9341
1961
4340
2229
2575
8827
8843
5011
4250
1266
7065
8224
1843
3500
16
5632
3480
7317
1348
2314
8640
3708
6248
534
9701
8548
1572
9866
3280
9571
7180
8175
1884
3085
4959
6012
8735
6135
7014
3208
1024
7047
9749
302
7374
2689
3409
3772
8509
7044
9645
354
1670
3404
6532
5501
5628
669
4609
8606
831
1445
9533
6413
2619
3016
996
1654
7492
297
951
4045
9656
5181
1308
2991
7449
2459
6698
264
4954
5796
3771
9452
6593
31
9739
334
1397
7794
9529
160
6259
9157
1471
1969
2776
8501
4673
9457
5839
8289
7027
9301
2894
3397
8013
7773
9502
6091
6620
6637
9339
1985
4844
7538
73
1536
9210
4108
6794
5025
1746
1271
3437
4728
5378
2916
8189
3592
5596
6453
7272
942
5392
7940
324
5664
4304
2803
4287
3197
2146
5269
4942
3950
4912
8652
9088
3642
4949
5499
3033
7801
7895
7073
3152
3067
1511
3151
8047
2461
6278
6311
1427
5417
7653
8052
6279
9622
7355
5461
6669
1877
3769
2558
237
1105
620
6449
9901
1432
2775
8158
8210
9567
9972
719
5311
3342
6618
3963
6185
6324
5261
4148
2571
4294
7148
1415
232
2904
441
7426
8816
3797
5600
8325
4993
4290
6284
8059
9762
3639
8336
2239
8240
8810
4641
3214
5484
8335
2932
3078
2191
5356
347
8003
6919
8837
6329
9915
2669
8360
3423
8331
1247
5663
8428
9674
3845
7017
4527
4897
3633
9925
328
4225
8673
72
5491
863
1260
4749
3870
5260
416
8998
2200
9040
327
5937
9184
1686
3990
8294
1167
2917
3799
2050
2572
7101
9743
2232
3744
2462
4570
9277
3299
3325
9800
9856
275
7323
5985
9191
8387
8630
9150
3134
7682
6514
7289
2804
2652
5933
2919
6310
1088
8939
3015
782
1033
5568
4395
2752
3644
6214
9731
3196
1176
4441
9604
488
729
4177
9421
3780
5763
6567
3082
4376
8144
4744
4779
8972
4175
1833
9288
3127
263
4467
8333
972
417
8456
1903
8140
9049
5024
3044
6287
9980
45
1692
8379
8714
9520
9827
7829
8516
6148
6679
1912
7006
1931
3232
1791
3305
6572
2201
3653
5235
9564
2355
3677
4676
2252
5153
2507
7704
5083
4974
5308
8
1943
4768
3659
4316
8903
5922
2716
5162
6055
7090
1699
3666
5084
4004
8020
8550
2163
9155
2181
2909
5244
9814
8473
8495
9777
2337
3814
8484
9285
4279
8380
5674
9065
7124
7715
1013
1092
1376
3071
3102
8475
4002
635
9577
7796
7955
3957
9573
7558
7589
1449
1112
9367
564
8244
1160
7138
900
37
457
5531
5857
4618
929
6370
4826
7136
1411
726
3398
6983
1235
4577
5889
3851
5682
2080
2760
5824
2120
4633
7131
8062
8451
8183
213
1051
2236
6064
4061
5152
3852
4393
2580
3888
6916
1811
5900
8710
796
3028
3961
7586
2933
424
9797
360
6531
8804
7244
8531
1109
2600
3804
9213
6114
8363
9947
4007
2753
5987
2827
7172
2261
5400
6472
8416
8569
4589
5792
5323
7037
3543
8565
8405
2469
4848
5297
2179
4769
3278
4022
8057
2984
9740
4582
4047
5590
8558
849
5090
7695
8863
800
1303
6300
5999
5423
1803
1916
990
3235
9462
2570
3643
1564
8184
6058
1935
5707
8135
4237
8285
958
4694
9412
9764
860
964
2446
9989
2880
3724
5855
1380
2493
7837
3995
8068
9393
3241
6227
7868
7899
8382
5420
7282
4522
1975
3796
6664
2616
7060
3579
508
1905
7885
514
4595
7335
4933
5426
6951
9077
3369
8515
5666
939
2294
7192
9949
4999
8217
7978
2995
5164
3046
6695
9665
4838
4347
6118
8323
6273
7140
946
8701
172
6054
6895
1784
5776
9593
6260
9897
2194
4984
330
1256
3759
6146
8657
9146
5060
7095
8660
198
5320
8600
5904
3457
7570
284
1493
8893
5655
3816
8128
9986
2972
5657
4173
7581
6896
4825
9259
718
2637
3416
3122
3229
6468
4680
6633
4835
256
9262
7153
1269
2227
7220
6524
8623
112
5764
3647
7803
7703
7734
2078
5781
305
1599
3738
5092
6865
5659
1514
7569
3600
6073
3025
8167
1668
2334
4689
9974
5407
9328
5446
8916
3704
6860
4525
9415
8553
122
4328
6775
5094
9840
339
3070
982
3984
869
7555
8280
4908
1158
2267
7726
9045
561
5503
9216
1970
1767
4487
6362
2044
3368
1439
8088
9238
2013
2855
1454
8348
5876
1202
6703
913
5849
6242
6850
1391
3254
1281
6098
6458
667
4504
4513
6075
1044
1678
6334
7278
9686
9518
4895
8750
895
6834
38
402
604
4750
4139
5736
727
2979
7759
909
1429
4013
3528
1378
3173
2978
5823
3330
8678
1418
5785
2413
4985
2137
4087
4184
5603
7705
8242
9848
9964
8181
7914
8041
9845
2522
7356
4412
6766
8826
2084
7934
1420
3758
1632
2745
4078
7465
179
3441
4145
7605
7815
9023
7536
8574
7572
7859
8732
9463
348
2023
2881
8919
4220
1933
3357
6188
7125
4049
2265
6634
6661
607
9566
2531
2310
3931
9107
8528
2885
9425
4975
2293
2678
9096
4537
2518
3132
3540
891
4058
4604
5399
4559
1743
7349
2464
7547
8543
1155
4430
5140
2911
5867
7316
8680
6507
3588
4297
496
973
2543
8114
4025
30
405
4723
1499
8624
4104
2222
7455
4230
5248
4435
5110
8572
8881
7476
262
510
4986
7736
1071
1587
3556
228
491
6502
9763
7554
6905
9114
9038
9784
9960
6417
4782
7042
8440
7847
414
9918
9991
4211
7213
2312
8854
3307
9815
8005
1430
4587
4203
5903
8649
6401
7631
8953
249
2950
8499
8096
3566
2480
6716
8024
5623
5671
1310
5932
8971
9410
2557
7298
5925
5725
3900
7861
7111
4539
1928
2171
3337
5678
6718
5777
3823
1332
4707
6956
1906
744
5487
2166
2705
444
7206
3720
2305
5518
3800
9069
1483
6022
3748
2532
6192
487
542
5989
9681
4448
2770
8324
1989
3553
3242
5665
715
1359
8669
6390
8028
5739
1151
4249
8632
5510
4771
8970
5545
7043
2454
3514
1468
5052
131
3126
6419
6473
7051
5670
6123
9766
5437
1588
1729
5419
5379
4309
6164
2455
9454
3461
2521
3710
6662
281
597
1132
6986
7312
5074
2351
2936
4636
5880
7879
8303
2280
6112
2737
8267
1823
6193
8326
8357
9770
9919
2836
8915
4196
6598
579
3613
5492
8768
8819
159
2379
5661
663
6238
4381
839
3129
5393
4784
7281
50
8672
5040
9087
6009
6115
7544
6827
7651
8400
6807
4035
9113
147
6721
9507
985
1739
6867
6876
6236
8918
9330
7276
9600
9691
2968
3392
6969
5326
6612
2945
6246
7602
6647
9951
9046
4229
612
7649
4580
6917
1328
6328
8185
8718
2867
5231
1576
412
7962
1512
5947
3188
5367
4375
4194
3108
1261
626
2621
5131
5157
4634
6302
6927
9992
9334
7958
8431
3850
5984
6500
9058
5605
9143
2798
4046
573
1127
3418
3563
8474
5177
1580
6979
1294
2593
8860
6469
5871
7266
4996
5967
3594
4292
874
9081
9542
6234
9585
2747
6843
4590
2101
3829
1011
3817
4090
4615
8113
7251
9700
6836
400
757
2437
5076
5187
3424
5151
7280
9116
6918
7314
5096
1914
9497
9399
4791
7258
7311
9470
268
7478
406
467
1055
146
1509
9534
9583
4493
4501
3776
56
3611
562
2420
4474
4863
1278
2657
1066
1893
2108
5271
5441
1836
8601
3439
4021
8564
449
940
5754
6318
6824
5624
3124
2153
3561
4883
125
2369
166
1079
6143
2370
5630
5975
6121
6845
9156
8994
5866
4938
1694
5337
1508
9619
8900
2685
8082
214
845
520
6907
5189
6176
6562
2139
3164
7889
5970
9025
1742
8479
6534
1675
6538
7384
8370
1136
5377
5268
28
1436
1118
4332
5475
5413
5673
6710
468
9380
9574
5219
8871
6251
6416
7980
242
1555
7114
9789
5374
7191
317
506
2145
756
3328
6630
5222
3137
1365
3554
3585
9249
465
3000
4747
2465
163
5638
5802
3567
7688
5769
1069
3937
1129
7343
730
5801
6786
9192
1648
9839
3979
9627
3323
906
6747
4554
4468
7675
8539
5327
7404
7812
1057
3174
4389
1957
7660
4452
8734
5064
9862
7188
1047
5348
6652
8306
4228
8573
4621
5111
6984
4724
9363
9568
2653
3537
1317
4134
4037
2833
4511
76
2588
5280
5312
8412
2857
6345
4040
4442
4886
181
5658
9543
3731
7877
6862
8911
632
2879
3244
3693
4591
7836
3625
2900
6407
6585
8796
1685
7932
4146
9884
7441
1141
3918
7382
1087
1264
9611
3166
5178
3199
2643
2793
4379
3128
7609
9729
1845
8844
7412
7532
1713
3333
4424
1194
9825
3665
5116
1763
2360
8586
1894
3657
3980
5571
6010
4998
2245
5452
8954
4547
5909
6249
8149
2087
9231
922
956
101
3608
2980
2725
3787
5168
9449
5929
6784
7882
8214
601
5641
7154
503
174
4596
5081
5888
5383
9697
695
7976
44
8086
9438
5599
5504
1043
9416
9799
7469
8354
8775
7634
908
7010
8489
4480
2893
4687
5167
6970
8985
2723
7513
8101
9402
2963
9079
7560
8021
711
7788
5310
384
1434
1558
3387
9510
2874
7546
1967
49
2154
4427
697
8671
4413
2703
9478
1389
8307
8847
4823
9207
3779
696
8514
4916
4044
6414
121
2658
714
7203
9206
5359
322
1846
6560
7819
3319
5784
6923
2578
7800
2057
6801
2317
1143
5482
823
2676
4463
6783
9389
9428
6947
1193
7208
2509
5526
8034
8943
2732
4159
6439
8036
871
6989
9655
9408
221
4941
6881
5105
5118
8127
4330
5864
764
1834
3419
937
758
9903
5744
7342
2195
4031
6900
1262
7296
583
1347
7093
8245
7901
3686
4351
7283
8789
5836
7157
2807
1404
2119
5723
2115
2155
6356
648
5523
8674
9841
5185
1195
6709
4972
1197
1586
2825
5505
2693
9369
4896
9761
9922
5301
6313
5506
6040
3698
1228
7483
3697
5265
2891
8035
430
502
7388
9677
2956
2508
6922
2887
8838
2769
420
1223
7
4126
7247
3237
7407
5561
6842
432
7068
2550
688
1295
2250
3532
5885
373
1258
6374
1351
6904
6187
1643
2977
6691
8683
3331
4799
2211
3099
7875
6495
362
7347
1608
2842
1077
206
9373
9420
1548
2097
532
1727
4075
5439
5721
2559
8693
8598
5585
477
1462
840
6361
7818
3718
1795
4311
7809
9659
9606
6725
8912
6202
1819
2590
2629
6496
3742
4325
9821
2640
9579
1175
9758
5086
9642
17
9735
6815
2162
9409
3371
4042
9527
2272
6722
7626
8886
8246
9885
6668
9752
7115
8958
5698
7019
9289
611
7088
8597
961
3460
4603
5239
8218
5106
6879
5026
3565
2017
2406
6140
4437
9651
8446
1703
2209
9296
795
4846
8982
9894
2081
5225
9553
8105
7472
7222
2717
4368
7594
3213
3317
2998
6974
8361
5416
7429
8254
8480
3764
8226
5662
7665
7931
292
1942
8376
3282
5920
7419
9558
7368
7755
2647
5468
9103
4314
2975
1498
2498
5022
3222
4238
1700
3944
4235
3580
4026
9759
5772
58
5418
338
5324
5354
3767
4085
4162
8534
4120
4951
6578
9090
9607
6613
7005
5899
1277
4956
6059
8580
6678
3606
9153
3211
5433
6809
5861
575
3353
133
1790
7604
6890
4418
7163
8612
724
4836
8221
2718
1870
4038
8766
1926
928
2247
2882
9620
2046
4682
9321
5290
9756
3942
2303
4032
9618
104
6432
212
8864
6340
8533
9997
3163
3920
3953
7923
8115
369
7742
824
4052
3484
9868
1721
9658
9874
4315
7098
4360
2870
3092
5787
8717
5488
6109
1481
2819
2226
6705
9893
3934
8879
2475
2117
9347
7789
9500
1554
5582
7307
5270
4156
4870
1096
3830
1238
3459
2114
4348
8301
7656
6638
8164
967
4400
4160
7655
8391
2806
8496
8697
9650
52
3582
1005
2954
3943
2002
4534
5330
613
8356
3988
3573
3932
8536
5680
8704
4286
8797
9071
8595
9101
9127
9750
9594
8698
2722
8312
6992
8270
6982
4851
9554
1974
1947
9552
7397
9575
6229
9930
1764
6685
9699
4739
485
4317
9877
6840
592
5961
9400
8839
5237
6261
6631
9307
3866
8833
3180
7972
2255
6030
2095
1593
5979
8045
4578
4055
2450
3705
705
7383
4293
997
6435
2741
3986
6609
9664
3595
6938
4913
3477
1188
7461
4084
1413
6031
7505
2631
2357
4201
798
1524
7772
1519
4843
7487
6610
9048
6955
293
4808
808
6011
9021
8469
7092
7303
8079
5533
2907
3959
6243
124
2358
8012
1447
2710
5046
8310
4950
8969
3203
2235
7106
8728
1208
6222
9244
6805
9005
2319
1367
640
5171
4675
5948
7816
1410
2433
8853
5604
3709
2125
2278
9485
1876
6872
5101
6230
8801
4280
1865
4130
9027
9294
4797
5472
5012
4258
3735
7359
130
9727
712
6365
2416
4198
6960
7840
2486
97
4100
5803
6885
7635
2524
8682
5768
6177
8255
4678
4758
3415
3584
516
1115
4632
8260
6940
7438
5051
9382
5198
6204
6528
3013
6594
1633
5242
9443
5078
25
633
2668
5990
6211
5672
6212
989
2661
4945
7730
1398
1771
6039
2159
8799
2635
3927
7896
1313
9343
4861
6518
2199
7160
6393
2067
9556
7285
5693
5742
762
3952
3965
4098
5479
7322
3570
9647
8628
1878
6360
6673
2339
4774
9392
9744
5049
5438
1647
5998
5818
7179
733
7764
6932
3676
9243
383
1620
9738
2147
1882
3110
3694
3296
3378
4654
7440
4313
2983
2106
2412
4273
7001
2939
8063
3221
6174
8165
446
5186
5284
545
5192
1324
4341
7535
2058
923
6607
9546
4543
357
1991
3366
4859
4674
994
2028
3215
350
7888
3384
6336
3376
790
1063
1805
2269
1081
1070
3649
4764
8794
1363
7556
1435
2642
7246
5366
2396
4612
5712
7743
6180
6802
9928
3365
862
9170
9258
1792
5570
4358
8556
4762
2610
6280
6523
8992
531
6431
7288
9482
117
517
6305
580
1549
1279
2116
8462
8904
8922
4529
9298
9837
5088
1682
1584
4553
231
4029
9773
6521
8593
61
3206
4703
7578
8759
7421
4665
5706
3663
4661
1134
6803
9028
7904
2270
3220
8772
5703
1789
6462
8975
5473
392
5287
1204
3100
8527
2308
5497
1050
240
401
2488
6263
6993
7057
7439
5921
5188
7860
7202
6275
7553
9450
4788
8855
4318
1274
4476
536
8358
1528
3440
5257
9646
877
3448
7041
167
254
5853
2144
6411
6519
3284
9352
1769
3730
5783
2175
3467
3998
6768
8121
251
5136
6494
319
157
9278
8107
3445
2931
9331
6665
6488
2183
567
5740
7930
8132
3903
1708
238
4210
999
1400
3668
3093
4894
6508
1518
2424
8419
7798
6197
6224
7147
9886
899
2333
4719
551
3090
9730
7913
8968
5980
6990
5656
6293
2203
7823
9001
981
6223
4475
6119
4623
4845
6457
3856
785
3399
4635
2001
6205
8450
7516
3084
6155
546
2243
8952
6277
1562
5709
6268
3346
3156
765
7337
8341
2802
4429
6779
7405
9176
1940
8948
255
6806
7479
1486
3747
9939
8157
4067
5538
8525
454
1191
6711
8681
3893
9017
8856
8421
1730
2324
190
2170
132
3873
3454
5486
9853
4930
6489
2425
2429
8385
5675
1207
6085
6088
1250
8776
5906
329
883
2394
9476
155
3493
3881
7698
1892
8282
9472
797
3068
4904
9388
1781
200
8852
8418
6615
3869
2340
4936
2384
2785
2715
3207
8141
9660
2169
3795
3777
3891
6421
9132
555
2100
4650
9204
2733
4506
6046
7941
2330
5463
2077
4312
9940
3347
8100
1203
3512
7710
2634
3854
8563
8347
6147
8547
2680
1802
7329
9333
7607
4397
4154
893
1502
9957
4611
8200
6476
593
303
8087
662
8448
1595
5159
6730
2860
1761
1652
4195
975
9524
2854
4101
8330
9698
6136
3631
3147
5576
6452
2937
4514
8464
5343
8622
6398
9987
3892
8368
7618
1925
3849
2614
5233
619
5901
7495
9549
530
7217
4385
1556
7028
9070
1808
8721
2618
9757
309
1718
4915
9187
4860
7761
2792
2523
7200
2873
1665
7451
9860
5564
1732
8946
1265
513
2061
9358
8760
9227
9212
2107
2322
2628
3189
2038
2483
5299
3507
2994
9082
5263
7758
5156
8995
4017
1953
6727
872
921
9180
1606
5150
9042
829
4064
5586
3375
7290
1209
1230
2372
4142
21
1872
4733
2302
3904
410
3491
5276
8872
8299
6574
5978
2910
3853
5762
7537
7782
4753
8865
5283
9030
1839
2829
7197
3640
6688
8976
9467
3200
6520
2735
1773
286
2197
8571
4396
7711
8685
7165
9414
3088
353
1847
661
375
3320
3826
4176
8402
4278
4887
7776
2751
9705
4329
8154
4885
1094
2942
2934
2274
3393
7110
9351
6619
7562
9016
5353
5281
4827
5077
94
8019
8170
321
7727
4830
4303
5815
86
4909
7526
9218
5459
6820
6301
1826
459
3377
9379
916
3675
1626
1163
8458
5502
8407
9816
35
186
8713
9844
175
5735
1560
9214
9332
4832
6124
2696
6963
6657
821
2033
1119
3879
2966
4425
4157
9378
3824
793
9852
9810
1290
4855
8555
3400
8437
3051
6404
7031
2742
5722
6558
290
243
1681
9268
3316
48
1107
4873
8917
2974
2344
7994
98
9084
8841
2641
5008
6740
8730
6376
1082
5765
6880
1307
4224
4900
9448
9202
3790
4820
5640
8084
2817
521
5477
7021
9431
4533
3175
9217
933
7186
5788
9813
2248
543
4953
391
8873
9850
4658
2148
5622
4248
4391
5716
5109
9523
9954
3275
2485
3558
4305
4497
7430
8227
1178
5347
5485
6760
2993
1544
9745
1319
5190
9052
8964
5556
3578
6780
1573
4336
852
2022
5062
7754
2350
3020
7741
5056
2431
6761
6095
1507
3495
7061
9226
8866
9781
4048
4443
4704
5667
1039
1851
5114
3243
5592
6481
4686
1796
4517
8426
8635
3318
5350
2383
2665
7166
7990
9751
3614
2497
2007
3906
6466
9515
14
7454
4760
3987
8788
331
5943
1938
1939
7420
36
7585
6156
4456
7781
9638
5558
6225
9557
7959
229
904
3974
6540
201
668
9551
7744
3410
7842
1009
7693
9397
3118
9563
1364
4649
8634
9522
5565
4770
9159
4102
9161
8973
3492
501
313
1979
2767
8381
902
1719
6079
6392
2206
5946
4426
9169
475
5589
379
5711
5891
9661
2517
7543
4592
1715
2912
4141
5053
7067
5450
3010
5715
5621
8692
8219
1853
7597
2168
4392
4944
6063
6378
26
407
2612
2744
6958
6901
8251
9300
7966
807
1218
6299
1316
1452
4991
8831
3395
4386
8046
8723
539
2608
7357
3815
8846
9261
9716
7591
6371
7269
4754
9102
549
9675
2059
2073
1482
7713
9178
2659
740
1583
5102
8679
9089
2484
4012
2374
2448
4039
8560
4239
7850
2755
6210
7078
352
5631
4030
7102
6681
1861
2504
8229
2160
7185
8081
9064
9780
282
4509
3287
7848
7808
9053
4240
260
267
2244
4549
9280
3438
5522
6851
29
578
7341
9804
5149
6120
7527
9203
8725
3072
361
1084
2130
3288
1395
7643
141
2410
4890
3176
9504
515
827
1621
8500
7249
19
4891
3167
5047
2625
2927
6068
1642
434
5952
6483
2897
3289
3462
7659
9616
1527
435
7830
701
9445
642
884
7470
3450
6352
7379
9310
6985
1406
6611
2925
9896
3473
1537
8172
9396
8965
288
1117
4807
6913
1068
6838
7954
8983
560
47
1917
9112
2415
3885
4254
4809
8554
111
5726
1994
8688
2024
7378
9592
103
2422
5027
6459
8401
8319
6052
2490
3581
8131
2513
3327
4041
6577
1932
2695
5184
5750
720
269
2346
2581
3786
5321
6430
2928
9286
2772
7668
625
9609
791
1187
4359
5956
2951
7685
9765
1954
2364
5863
2287
5547
5808
7942
3835
5862
3623
5963
2636
5573
5212
9598
5217
5001
8848
65
770
8366
3488
6110
5146
1958
2584
27
2326
7415
9914
1946
1021
7890
8377
9941
4072
4466
3312
6758
363
641
1330
3862
9140
4785
7428
9632
2300
6194
8455
7048
74
8955
6420
2859
3577
1813
203
5958
2506
1693
5714
9956
3575
4056
4746
8777
1500
8661
8908
3501
7822
8932
2164
4572
5713
8876
732
3778
7520
7852
4867
8066
3187
4798
4202
8220
9063
5529
702
851
5660
3097
9354
55
178
4857
9105
1166
2434
1999
6774
271
7921
2599
5918
8203
3279
4743
5182
9717
3105
9849
879
2828
6924
5115
5534
7484
3239
110
698
3106
617
6163
8293
3887
5854
8524
2607
3912
1035
8589
6694
7074
4907
6257
4593
5913
3017
3262
455
6663
6733
9013
952
6169
9237
3520
8435
2528
4898
5183
2799
5402
7851
3191
4054
5615
7094
7399
6866
9648
2540
3171
7113
3809
2841
5563
8441
1394
9387
196
2660
1171
5745
3865
538
9958
5124
4663
6602
1103
1460
1441
8054
6915
7680
2743
3255
5216
7003
8731
9889
9451
8268
8607
8961
3446
6298
4966
8252
5422
7267
7841
2500
2670
6000
7171
553
3691
2359
3662
6426
2850
7122
1273
3136
1922
257
2952
7467
252
1959
3442
5647
9117
728
792
3041
4112
6035
7937
1140
4492
9521
9912
1478
5368
5959
6832
7338
9696
3811
5791
2692
1249
3362
4643
5075
1392
5394
8644
5427
6379
9808
9695
4899
2492
815
4200
3056
903
8552
7912
1680
3113
4507
1201
9365
3832
6770
7501
6464
3141
898
4794
5957
8518
8551
3402
889
7857
651
7016
9555
6855
3408
4402
9779
6910
3627
6237
9383
9832
6941
8180
7697
3138
9932
1551
9865
1034
9401
2041
4486
2704
584
3363
5006
9803
859
8784
9505
3139
4757
938
135
4931
4932
4212
6262
6724
6764
6731
5581
9531
2040
6997
947
6492
5121
7164
1267
1516
1895
4584
2707
4776
5470
8080
1234
4488
7301
9125
9734
6008
9617
9311
1887
4651
5332
9137
819
1567
3674
7080
2271
9788
8633
5180
5567
1038
3058
6753
9145
1695
7083
7464
1623
6566
5197
4962
2385
6882
2726
3626
5166
5994
428
7389
7533
9466
5238
9458
1705
8934
1299
2515
9320
5616
978
3231
2316
4824
1409
9291
9988
7671
7706
1842
3571
550
6106
1532
6928
7625
8906
1093
8729
9615
1765
6215
5612
3407
8747
3055
9790
2782
3504
2035
8188
1329
6965
9550
307
9826
3620
6644
8259
7733
4353
7765
1001
8058
3447
5894
9774
5132
5138
6717
9182
7806
219
4226
6291
8264
6081
2335
3681
5205
8722
3840
2553
2074
8741
7189
2682
4520
6792
2052
4465
814
3884
8120
7926
4361
4266
3117
4165
7792
8858
5357
7353
399
6138
3322
1248
6991
6409
4253
1095
5893
4077
4568
1818
2779
7760
1304
7629
1072
5598
8643
9569
4617
5329
8724
3828
2787
8944
3572
337
526
9640
6788
675
1350
1399
3300
7956
8427
2579
6550
8979
5039
5732
9172
3054
3149
9503
448
3482
3783
2594
4136
8576
8845
9271
558
2848
2947
1254
3612
7970
8977
2079
194
692
5875
6692
1010
4490
8611
1289
7867
4880
548
3551
6690
8208
4982
2941
3496
439
9223
4070
300
4338
4828
6981
3478
4906
8010
225
5272
1326
3518
3765
6863
1841
3162
3370
4099
3293
8274
9715
3664
279
116
1600
9994
2929
7052
4205
84
4128
6591
9228
9484
540
93
2699
3302
7529
4858
4562
6790
1333
3063
9468
494
3272
3712
8350
7453
1000
7595
5877
7082
7716
2982
5246
9857
4074
6818
6853
1658
1780
1883
5032
7691
3260
8575
3898
5029
9242
3607
1322
7968
630
5594
6250
2959
4695
2331
2053
6307
7190
9436
4111
4856
8497
6026
2361
4150
5710
4323
6870
7369
4660
599
5724
7126
8138
6325
7480
8302
769
6848
8742
7473
4192
9239
2627
7221
1530
6450
158
511
9950
9787
3916
5483
7223
4095
4575
3471
7135
8821
8279
5448
1896
5495
8467
8228
8449
2367
8824
1242
1550
3882
4716
63
452
4729
6348
3201
3080
5211
3818
681
3924
2591
3372
3485
3268
6467
892
7243
2674
4091
6742
8328
144
5516
3335
7969
8963
7248
4295
6013
9250
8899
834
1385
408
4597
5395
6295
589
1786
5020
437
5520
5883
5490
9511
2404
5384
7234
8541
1609
1856
5375
9430
685
5749
9540
4688
9892
3291
4600
7690
8806
1280
2820
9364
1417
8583
5602
8352
8397
6198
8740
738
8258
6636
9440
8153
9811
4043
1091
7320
7702
1210
4706
8935
6377
1440
3616
4438
6171
6346
9694
5412
6697
1712
1590
2122
3406
781
8737
1390
1529
7297
8065
3253
7448
3982
4334
2561
2958
3798
7460
2030
2126
4276
8618
1971
4732
3907
4699
8923
8815
3075
9175
1683
5835
684
9018
9614
4241
2354
8882
708
9483
9225
838
1707
664
4718
1458
5478
4659
8146
9188
6823
9062
2773
6165
3116
8269
5234
5230
1546
3525
1213
5955
2215
9179
9834
5277
8466
2576
4987
8486
193
1557
6427
6886
1206
3636
3349
7922
7619
5915
8403
9059
4816
7832
2096
3073
4433
2604
450
2286
9039
1603
3121
9801
8616
2225
5174
742
3524
3928
2103
3265
9565
9323
2402
3003
7139
4968
5733
7286
1396
314
873
2216
5826
8645
298
6125
5652
7069
9653
43
5215
9654
3112
7611
3678
8075
9130
1346
2789
7418
8490
9166
9724
6316
3361
5405
5636
3784
9603
3463
6656
9481
9859
1660
6380
9201
8830
9517
4709
1628
6102
6658
8398
3047
4657
1542
9324
7900
4335
8763
9281
5010
2263
2675
7692
881
1706
2299
7327
6497
7091
1189
6526
1056
9010
5373
5708
3024
4627
7898
709
1080
247
3094
5108
230
1607
462
3913
9732
3546
8840
5338
566
2445
6034
2279
6505
3426
8007
2196
935
4114
5689
3074
4727
8159
8981
1164
3358
1321
7906
6946
9092
5013
6359
7450
7951
4461
4961
2088
9499
5851
5583
5252
3775
4115
3420
2069
2823
5119
5214
1130
2583
2598
3955
2838
4647
4310
1687
6047
8025
6005
5251
8929
9008
453
1770
2189
8896
6331
5566
8629
33
3257
3389
7436
4260
844
4613
4834
693
960
1361
7821
2253
7447
5203
8384
1484
9461
4544
1552
2228
3773
6441
1960
2512
4630
4736
6952
7339
2511
9022
5633
6097
3901
4149
156
6948
5465
5847
145
4267
3863
3867
3872
6771
1710
6344
5587
6200
1215
1579
8447
8832
3544
6269
8125
9703
8512
2282
3309
4777
6804
1543
7739
9329
3591
8202
5325
1636
7346
6822
1615
4775
1283
1523
2601
5355
5358
8211
9683
7268
8078
5779
7299
659
81
5199
3562
9190
6412
91
3848
8365
9709
5444
4247
5175
7936
8239
3516
574
3757
2746
4473
1968
7828
6622
2611
1342
7096
7669
4992
5702
8584
386
4208
4666
1159
6312
3030
6808
8022
8253
8281
5141
8621
6659
9902
5318
7795
775
970
9342
9708
9344
2246
4483
3004
6931
5493
1466
766
1459
3812
3427
8867
5543
5649
9066
7075
6715
8452
5134
1820
3517
4805
8648
2336
7905
8581
1782
7791
8706
9711
280
6461
9131
746
3161
5580
4558
6902
9854
9728
2830
4346
5620
636
6475
4186
7624
8807
1748
3259
3938
1965
3193
4415
5817
7599
1785
5770
9613
5302
250
1419
3716
6094
7749
8191
245
3685
5018
9917
6541
615
1669
9011
8367
2124
7097
7807
2094
1898
5535
6831
9394
2719
5995
2849
5593
8186
2565
8909
1733
5382
5425
9316
422
5112
7878
5344
8322
8423
4616
1720
624
739
5154
7506
3967
1860
5087
9879
1879
4003
1676
7117
7477
8587
248
963
4840
569
5695
1048
3526
7925
6322
8997
9317
7370
8098
1949
9374
9817
6561
4010
631
3498
8271
2329
6327
7485
7855
1617
4482
7869
6654
3843
5552
6006
647
1196
2085
6971
451
3157
7018
512
1170
7273
1667
4209
226
2221
2315
8599
2042
3425
5681
8792
8195
4655
4839
3960
6861
9221
8349
3258
6650
204
8785
5597
7024
7146
917
4500
5805
699
7777
5758
2589
7834
2005
8126
882
4217
7394
5910
9060
9061
638
2111
6599
1585
7511
53
3921
1788
3142
5387
6525
23
1521
7747
3489
665
8192
191
3379
7204
6303
776
2174
3684
7178
5575
3687
9831
4521
722
2566
9971
2476
9411
6493
576
5627
1041
4738
7229
6353
197
7008
393
3728
9139
2230
8048
6297
1945
4016
518
2158
1111
7699
272
1097
8862
3061
8987
2407
1815
5541
7123
9240
2365
4131
9968
2289
60
482
1864
4243
5285
9584
1814
3505
9349
7998
2986
4137
4715
7557
8116
189
950
3311
5782
6614
7582
4129
7107
5455
6339
9318
2187
2795
9074
9768
6797
1476
8540
6565
8561
1869
9634
320
3183
7548
4512
3465
6175
9006
1470
7177
7881
7835
9690
4700
6069
6231
6778
9713
2520
8030
652
2176
2161
1086
5147
9136
3857
1472
3405
6739
6590
5734
2996
3821
2940
8395
8805
8999
825
3026
1936
6486
2262
6777
8071
2207
2896
6569
1983
6144
2585
3596
7023
8207
6014
8588
7507
1890
3762
7218
6067
9129
2541
6595
2015
5160
6686
8769
8791
8663
4268
8960
6539
7673
8492
7318
8577
5498
9141
6557
590
1165
7722
4691
7949
4405
6749
6757
8504
2466
7523
9965
2748
5811
987
9776
1156
4161
1672
894
4187
2568
1052
9737
1257
3586
2865
5315
8590
547
5126
2016
5253
7987
1036
2051
6752
7240
4741
6025
7150
7947
2666
3509
4252
3194
5729
7965
8656
5113
9509
366
772
931
4519
8344
8009
7723
9012
570
9999
3036
6509
7053
8758
5553
5916
8711
4398
4781
4478
4720
9356
2064
5095
6255
7804
8033
8549
3511
7929
2276
6239
1738
2375
2606
8233
378
2482
2892
7678
2495
7215
8825
9883
2858
99
4408
7361
9293
3285
7960
3534
4174
5760
7156
2824
6702
6759
2781
4560
876
4563
8928
1759
8026
2757
5892
2444
8498
7613
658
8173
7515
5917
1515
2266
291
4566
4652
6510
7459
9370
4964
3732
7463
752
2477
1736
5774
9056
7827
1060
3696
4903
4071
5339
5536
2301
7393
2010
8276
478
8795
8487
7284
9406
9446
9199
5201
4943
6995
7577
9447
5982
9586
278
9177
3883
1469
1927
244
6999
1904
8320
9537
6728
8119
690
4300
706
4382
9559
1622
8463
2672
4910
2709
3929
9495
4645
7805
6769
5015
7452
1045
3483
4882
2878
843
2846
9909
3091
8984
8074
4730
949
5878
370
2257
8249
9767
4113
6363
3930
1601
2436
7862
915
8947
7817
1944
7109
5279
7737
2971
1717
2922
4132
8032
1121
1137
5807
6623
639
1433
294
7638
9186
1467
1691
8771
7167
9639
9719
2292
5023
3169
2516
924
6107
934
2377
7308
5274
6738
7445
7863
595
4372
4937
3247
6641
397
1030
2157
3435
5298
5098
5165
5822
9474
2955
3218
2151
8197
4036
4327
8443
2673
993
3355
8636
4977
5411
2544
1592
3750
5296
5679
6701
7260
1474
2650
2876
4531
6351
8092
8461
8308
5099
6443
10
1275
3451
2763
789
4877
4245
3530
1768
4233
4619
7358
323
9802
304
1425
2045
3391
6503
7332
557
1336
3027
3834
813
9254
9007
120
4929
7456
2341
7766
9230
2304
5209
5608
8578
4795
9601
7168
9835
1650
5372
7000
4459
8859
8925
8209
8596
7917
2260
8921
5850
1018
6988
8951
3295
1065
6735
2914
4574
2915
1232
3433
8343
6810
6689
270
7325
7055
3502
6575
1003
3042
1464
4778
9303
9596
6536
6953
755
7496
9836
8215
6943
7897
3412
6601
3263
9314
3948
2832
8106
9229
3202
9047
7973
3933
6696
7831
4614
710
3945
6961
3256
4731
8309
6158
4576
5085
6283
1987
1108
4496
3813
9198
5143
7034
7979
9233
3294
1495
6076
9605
343
888
3223
953
9080
2595
7920
9398
3951
9195
220
1801
3001
7345
8388
4471
3338
3729
7070
9721
9871
7661
3210
812
4608
3707
7658
2632
5513
6542
9984
4485
2109
6021
4383
7919
3536
162
6216
7328
7375
7701
3334
6383
9265
68
3359
4626
7731
6671
498
5403
1653
8241
9002
6182
5813
6547
218
6254
6388
7853
154
4420
6700
1487
3807
4255
6062
8687
5626
9429
2234
5848
9581
2392
2812
6408
1639
8238
5429
5245
6111
8537
8823
3012
8055
8277
867
9746
3994
6447
1393
5172
6893
1287
427
1358
418
4246
87
4648
4756
5388
6041
6208
5800
8029
6196
223
5213
5907
572
3326
3917
9952
9000
5830
6306
6871
8526
2667
8579
9570
8962
1704
4579
7573
3034
6221
7039
500
5065
7030
9942
7891
1570
8283
3894
7344
6160
1297
1740
3715
3641
1128
8091
8980
6533
2835
7763
771
1671
2439
6403
5371
1919
4185
7886
1255
8613
1276
1104
3089
979
8097
9864
8470
9933
8378
168
878
6504
11
4291
5642
7144
2826
1438
107
6338
2712
8148
4952
5759
6219
509
8134
6152
654
1911
6016
830
4204
4307
8482
8393
499
9921
8313
128
6667
7231
9054
1443
5467
6137
5895
9031
723
822
1735
1589
5267
980
5370
7256
7351
7775
7874
9590
169
3958
7444
2697
3274
2152
2307
4639
6837
224
1064
6103
1268
1412
3789
7315
46
2438
8291
4821
1229
2714
4620
7975
676
1605
6859
8562
3449
5923
5890
6134
4033
7241
1402
5692
6921
1873
7708
5546
4223
3313
7199
7615
9612
3380
3159
9276
4862
3367
4155
7184
7838
7825
7158
9252
7542
123
1674
6286
653
1809
1199
8874
645
5683
3590
7100
9936
7198
7610
5577
9621
1489
2136
2866
6945
1373
1745
6203
9977
7774
9413
2405
3587
7707
57
504
3064
4538
2624
794
6936
7294
4270
4865
7756
7608
3351
1640
2622
3095
3605
7738
9680
9937
5559
9602
3713
1085
6425
9299
2063
4296
1988
4557
1852
5685
6976
1827
2794
164
2868
6683
18
5278
9371
1150
8002
1709
8044
8892
3669
2884
4275
2728
677
4364
8888
310
3667
6745
2727
4373
7946
7071
8877
32
3023
5927
4540
8247
988
5804
9173
2441
2864
3770
1227
5997
8696
9869
80
3390
3315
3336
2363
4014
8073
8155
9359
8505
3785
5236
689
5322
493
3364
5352
4434
6987
5860
4479
6906
404
2112
3182
1032
1596
4020
1306
2813
5453
7062
4122
6195
3436
3619
4997
3739
7636
2006
1714
7504
565
7849
4231
6817
1716
2548
2362
3542
9587
4919
6515
2180
4171
5396
2231
3846
5207
6247
8102
2527
2306
6387
1015
9109
83
9685
8311
9142
6556
957
3538
5466
4197
1610
6051
5058
6442
3269
5421
6704
1918
8139
3700
4585
9138
8930
2453
3104
806
3617
127
3503
5179
1505
4705
9514
8099
2188
4852
4093
7753
8176
8625
2886
5408
7313
6930
9888
4432
6737
1078
6209
1042
2810
5458
802
2470
5082
9775
5668
368
3743
4499
5831
7072
4097
8602
2644
6070
6480
2237
1
8752
995
779
2596
6233
2930
6821
6874
6996
8694
8781
5221
9830
5786
3936
2510
8658
6929
6889
8814
2530
2389
5579
8780
9093
2563
2020
810
1798
1366
1644
1216
4752
4261
4536
5696
9492
9679
4940
8123
9798
6868
1984
7721
4625
5705
4464
6477
4796
8130
2131
7340
8646
5307
6132
2758
6186
1211
1293
3453
5962
9122
9905
6020
108
9275
1966
3782
5511
217
7545
1074
1179
1154
1578
6024
1908
148
426
7911
3040
5137
6723
4444
9255
3733
3198
9855
2981
9643
588
2190
7391
7985
3774
767
8949
6811
2397
8898
9870
6588
7650
5220
1120
8582
2501
9539
6470
6159
7793
9322
1382
6934
7676
7040
7590
39
4088
1181
9362
458
4065
7767
571
2284
421
9246
643
4761
2449
5753
438
7112
2750
2401
8383
1545
6381
4713
9459
8957
7423
7986
3539
6839
9572
8639
2463
3844
4831
7670
9501
1282
6335
6555
5345
9128
5103
7663
9372
9907
1424
6959
7360
8716
3997
9706
8585
4745
5232
5476
5842
9055
8436
2029
3177
7376
4472
3499
1635
4773
8420
9516
6726
2418
8835
6854
8415
9032
9786
1251
848
784
1479
3114
5331
9260
4767
1059
3354
7462
5362
1698
7521
4939
3726
6553
7540
2323
6455
4027
4265
563
6354
6154
519
340
396
3120
5291
1517
6116
9319
394
2973
8103
8375
8802
3360
8060
2091
9578
3069
3791
2347
581
8337
1388
1061
3039
4494
8651
3842
5120
674
1661
3593
8444
537
887
8619
559
1828
3301
170
646
6385
5071
7720
8043
2182
7902
747
1711
5950
826
8442
4800
7310
182
4737
8520
4532
3805
7425
3515
4581
7385
1997
8653
8905
9219
1368
7049
7377
7050
1832
3802
7820
2414
529
3032
6883
1655
2019
7565
7687
7971
3270
8037
24
8225
1314
1631
7907
7531
4555
4158
5816
7524
1219
3150
2388
7508
9460
6713
1566
8342
3996
1285
7813
4995
9147
941
8327
9340
1871
6501
9283
13
2184
2249
8053
713
5079
6743
7275
5637
2421
6456
8993
598
3689
5738
3494
1114
1948
9148
118
8677
9475
5528
2217
6819
7894
9494
8265
4923
8371
4669
9251
1613
1113
3225
9004
3474
4051
4096
8201
3350
376
2708
3549
5063
7474
1924
4701
7769
1384
1004
2076
7259
1747
2948
4869
6763
5080
8851
7728
234
8108
4166
2110
2898
6833
805
9357
6133
5262
7771
8522
5128
4763
5428
2345
6712
246
436
9386
9051
1762
5731
2128
9536
5228
1046
5254
3464
6002
171
8849
8884
6571
7689
4269
9723
6537
9641
5306
8800
306
4667
5117
8767
9236
9953
165
2135
4803
6944
7442
1149
70
6270
5346
8880
649
5856
5036
3422
6317
7729
3497
5644
9838
9078
4690
1996
7709
8190
1538
1913
4138
8894
316
2888
4631
5043
7854
3340
3181
473
1133
2818
8488
3486
3836
5780
1757
1581
6576
8828
8051
215
687
9110
4462
6150
901
5771
8263
4076
2586
9220
8779
8232
92
5351
841
6460
905
7786
9924
1353
4083
5968
6445
8878
7677
8529
866
1504
4505
8359
6729
8147
1750
2724
6720
4902
3923
9290
3522
3690
6978
4023
2285
9135
5515
6844
7077
2698
195
6320
5227
6183
5035
5038
140
2259
2638
6954
527
2026
8608
227
2320
7414
2054
2093
3793
1844
4988
2502
7943
4818
741
1138
8109
9990
4164
7210
8654
1241
9532
1539
5521
3475
8739
7036
8292
717
2768
4133
6875
7724
5767
4814
854
4935
1357
7422
9015
3547
5200
3976
2970
1146
7762
3248
1702
6653
8798
9479
2264
4551
5255
9072
5651
1533
6406
4343
8223
7787
2671
1246
6756
5193
5827
6308
4116
8069
3160
7151
7300
2539
8321
986
6292
1637
6258
2086
5073
6741
5833
6628
4893
5629
9477
9144
8988
9623
6884
7155
4009
4222
2048
4117
5210
9118
308
5142
5195
743
7227
9248
3019
1910
811
2766
4199
6522
8179
3808
7633
5249
7549
1331
4516
6395
4460
8670
9795
1862
5653
1286
6825
4277
8453
2903
7982
7326
4062
7740
78
1183
4251
3597
345
1451
9302
1990
349
7390
7255
6309
1022
9519
1630
9934
801
760
2969
5752
1937
6092
2808
6600
7270
2399
5282
6975
1049
7149
8083
205
9154
7522
1083
7372
6141
3550
6589
8910
7778
9791
1076
6485
6793
1915
2573
4721
5874
6674
1824
1318
4878
456
1340
7230
9944
8460
3861
3240
4352
914
927
6061
9818
6168
7145
9024
8396
2587
5409
9353
9755
8822
3115
3766
6162
9335
1110
1122
6454
8507
5549
3456
5686
3123
1868
5619
7873
1612
358
3564
463
7309
7541
9741
1062
4875
7254
6033
6582
7606
5050
3825
4110
5514
8290
377
3413
1526
2395
8205
2615
3624
3964
1355
7416
1352
6083
77
5821
3007
4677
9020
114
3682
415
5799
3261
3468
8990
9562
8093
2883
6319
276
3601
1772
8689
6191
3602
3701
8665
6358
9998
7623
2700
637
1731
1442
2348
3702
265
9487
7099
2944
6708
8177
7593
3386
5196
113
6512
2
22
1320
1734
4740
96
8502
8783
6754
9943
5037
9490
3736
5250
7482
9747
9264
9973
42
6389
3431
8124
8715
15
1016
7054
3756
9183
9215
1591
8803
9843
3841
5293
3059
5440
5550
3385
1831
2172
3005
4868
4125
5761
2378
2957
3983
5911
6604
600
2134
4672
4920
5525
5954
606
7209
4881
6513
8362
4573
7137
9455
1807
4601
20
6252
8286
4925
5974
3083
3374
3876
153
1327
2648
5300
5176
2547
1817
8542
8620
9689
1751
5537
2788
8695
8786
1866
2683
7237
4637
3527
622
864
3975
4810
4702
5273
3192
6925
9712
2138
1812
4215
2663
4748
5635
9245
4454
4837
2025
2376
7933
9666
7700
9432
3155
6554
2577
3737
8511
9663
184
1837
1901
4725
8257
8870
3692
6957
5737
5986
7118
2780
5334
142
8298
2371
2706
4714
5104
4583
5606
8166
1144
3506
3874
8182
6980
7751
6101
9967
9097
968
7033
7915
3283
8373
466
7752
6640
1233
6151
3806
4409
4994
6437
7387
4053
6675
9733
202
2690
5838
100
5897
4005
8266
1619
4605
5381
6337
8404
2065
6559
5924
3638
139
7620
1284
5424
483
656
2786
6372
7757
6632
1645
109
4306
137
1886
1571
2391
4339
9158
9726
2178
2386
7228
5072
1344
3992
4535
5204
2021
69
75
911
6028
7528
1673
2417
8650
385
586
9508
9704
9923
8162
977
443
6220
8374
2309
66
2890
6564
1604
4163
8340
8414
4871
3233
4337
7725
2630
2338
8532
2856
9904
1374
7647
2801
4034
3858
9312
5591
5286
4711
6707
9657
8545
8940
460
2185
7170
3753
8372
9085
1980
4119
2691
1198
5069
5908
671
1037
6693
4450
4917
4436
2646
4073
8070
522
6226
5694
2592
8535
1497
6682
1775
3308
6732
1428
9982
5229
5014
3838
5719
7212
856
799
8667
2821
5834
8235
6072
3271
2132
2129
4066
5688
7045
9465
1220
7992
5333
4349
2862
1561
8967
918
3966
5625
7974
273
7559
6498
983
3388
2687
4813
7588
2831
3286
7864
8956
3645
4692
5898
9891
1490
7995
5328
7944
2985
2545
8523
1169
6680
7263
3029
4407
9119
6405
4979
6415
2496
3972
4144
644
6849
5548
6027
5819
4817
9075
5669
8386
7386
7924
1525
6829
7567
2494
1222
1475
2056
3049
6939
673
5944
4401
9456
6446
4599
6699
1337
115
7333
533
1031
936
2297
2895
5519
2432
4911
1180
333
4283
7712
8178
7534
5789
1162
9966
9194
4272
4602
2796
8755
1315
6603
3209
9345
3086
1073
4399
9419
6892
9094
5002
6065
2471
2291
7161
4876
585
6795
7833
7735
2877
5202
1491
9931
8907
4109
5169
1089
1854
9610
4518
9267
4565
9560
5960
8544
6089
7013
2651
2839
5447
3949
8468
2771
126
3053
3212
7928
3043
3541
9545
129
1923
4103
8117
4028
4183
5574
1535
3310
8413
6130
3332
5129
7087
1779
3103
3184
4092
2902
8248
4387
2729
395
6433
7719
8662
10000
5542
442
912
704
4683
6586
5336
6592
3455
5471
8751
1239
4169
5089
8390
3250
5540
2165
4552
2072
7350
8459
6448
1977
6812
3860
5569
8774
2923
9035
6018
2605
2223
9929
7530
7654
6184
8334
4638
5304
6074
6347
1995
3548
4489
5494
8668