762
919
200
838
244
379
681
38
55
144
714
929
544
93
646
310
809
602
127
329
566
374
336
68
62
993
359
373
541
272
375
484
195
803
33
238
1
620
720
328
429
114
773
60
96
960
412
7
654
882
459
918
480
110
301
148
625
382
565
652
802
368
663
801
466
189
288
955
735
39
145
730
231
967
191
18
76
45
46
192
346
99
139
142
778
199
11
467
395
814
78
380
404
205
748
348
913
149
528
741
749
267
341
419
788
877
377
718
552
306
428
600
28
66
437
766
97
351
750
174
986
521
122
746
312
810
507
547
315
628
4
387
445
338
549
851
829
527
875
724
32
236
592
64
621
6
222
430
719
662
894
383
281
673
366
294
520
213
723
885
141
589
827
30
175
426
446
505
538
337
448
768
108
277
370
842
977
318
384
787
163
661
390
617
514
982
297
234
961
578
687
304
399
747
942
101
23
275
665
367
344
688
898
533
224
516
659
86
296
635
588
884
783
790
936
998
299
396
853
670
134
385
907
1000
287
596
826
455
303
973
276
362
830
434
471
794
828
606
692
927
313
636
73
358
485
650
181
572
447
921
742
3
765
992
587
594
560
193
575
623
331
949
59
126
693
271
522
683
837
911
51
172
160
712
177
694
491
835
48
208
901
492
706
43
282
666
905
252
421
760
465
34
361
920
943
49
669
848
316
823
440
233
403
940
180
230
726
969
335
682
105
106
138
253
769
407
211
864
132
36
408
481
269
357
896
518
409
607
198
847
112
218
184
40
860
194
322
517
878
257
91
157
311
820
899
135
664
576
796
424
675
952
483
545
131
411
767
792
867
985
262
568
736
793
82
564
668
25
169
935
381
923
971
326
398
994
840
524
10
614
709
8
611
624
685
450
653
634
869
770
631
895
917
378
176
676
136
583
844
284
463
496
324
427
88
737
888
137
42
305
679
167
716
753
499
776
781
502
179
207
957
61
608
140
363
633
204
757
962
159
482
475
237
464
777
980
436
897
283
452
124
493
414
824
974
805
111
573
672
332
155
256
254
268
972
5
944
402
649
928
203
598
642
647
295
593
92
182
959
932
526
761
871
453
497
154
914
451
228
525
774
285
365
582
978
530
806
259
486
577
570
987
599
83
738
21
161
813
239
839
925
571
26
216
658
185
870
988
910
548
745
13
120
836
893
850
616
551
143
707
713
873
56
119
779
79
460
861
104
151
229
102
201
278
360
843
273
751
772
950
965
539
656
686
16
242
613
953
94
537
909
981
197
164
865
569
677
469
263
630
171
258
536
166
580
243
449
862
468
983
225
401
327
247
807
937
990
425
458
754
438
609
113
495
711
804
945
558
948
657
405
782
320
168
431
856
643
698
364
152
880
52
388
785
704
722
162
325
107
674
219
995
319
699
780
800
755
991
855
389
938
22
930
789
817
697
731
397
702
846
559
265
394
354
513
725
53
727
147
196
270
116
2
117
245
442
866
591
632
81
605
889
732
130
57
729
968
976
65
293
550
217
531
420
439
740
584
54
266
795
638
733
115
31
260
307
500
764
523
791
891
321
183
248
887
816
852
931
308
626
808
128
261
721
900
19
489
87
178
490
825
946
29
703
339
818
554
933
20
432
696
904
912
309
27
416
581
906
289
874
50
863
435
472
926
210
298
77
511
902
333
786
798
470
556
831
444
291
279
317
717
857
441
651
744
479
561
908
72
457
854
235
546
255
80
156
249
85
984
286
454
226
323
251
264
347
146
498
660
422
759
834
859
123
924
314
473
701
954
227
758
118
671
214
504
37
406
595
695
44
241
461
508
868
586
557
95
376
246
418
797
71
133
886
274
340
24
90
700
644
534
386
212
12
221
996
474
845
186
342
510
615
58
391
74
849
799
501
833
771
209
622
125
567
292
667
610
812
680
433
150
775
15
477
892
947
964
109
553
590
627
997
890
121
963
343
355
815
975
75
240
603
648
678
640
9
392
345
604
641
690
334
462
684
302
509
220
415
876
916
369
67
223
784
821
456
999
601
349
743
512
619
330
413
215
915
98
639
708
356
555
488
883
989
280
822
756
188
705
535
689
202
637
173
290
352
574
752
956
187
715
519
129
979
41
372
47
922
515
585
153
629
763
841
563
819
400
540
612
503
170
410
353
734
966
476
832
941
206
872
69
542
811
529
739
879
232
562
63
165
14
100
443
939
478
958
970
543
371
250
728
618
89
158
579
691
190
645
710
934
858
350
35
494
300
597
393
506
903
951
103
655
417
423
881
17
84
487
532
70