653
861
87
1728
1985
467
1724
1220
1709
1040
399
871
1195
1084
1859
1213
849
1280
1147
891
135
182
1742
961
1793
250
1020
553
1435
936
1366
1737
793
1338
1608
1786
1846
1887
605
148
1248
1308
1851
1483
336
1078
855
39
915
1939
1696
746
1143
1561
1107
1526
1349
1448
100
831
1877
27
1895
894
1738
373
1352
293
1811
1392
368
177
330
696
1104
1705
478
719
1613
1321
690
1508
1498
1748
1794
1242
1583
1032
1304
621
90
224
1966
1512
407
850
308
592
974
1166
651
745
1096
1348
747
1413
1421
1415
1447
1528
626
748
1783
322
541
1821
147
1592
1419
1931
978
292
453
98
603
1323
318
1950
1112
1377
526
790
114
892
324
245
229
394
1686
1072
1963
187
914
287
1263
825
742
1579
1833
1491
1580
1813
1003
1374
385
1565
1802
445
1937
302
1130
8
173
824
560
1259
393
471
1762
283
350
1449
1086
1098
805
983
1621
501
1050
591
1785
344
1659
251
768
947
1103
1189
1926
1820
1881
160
174
1836
1442
1822
730
980
1650
1101
246
1665
609
1669
417
192
1328
479
566
249
136
1271
1265
1854
481
243
582
1899
1818
85
1162
640
735
646
1759
1181
1680
1990
1474
81
704
916
56
1286
1378
120
791
1057
1402
317
1607
241
1109
1340
1631
119
289
510
1721
1169
176
1122
927
558
594
1149
1557
1663
841
797
1611
1176
1849
323
1992
1140
992
1229
1257
1673
929
464
1030
30
593
709
731
1626
1824
562
2
1907
948
1943
847
1629
905
918
1133
1383
88
1510
786
1399
11
333
814
969
45
47
1314
1477
162
1539
306
617
1017
851
527
806
647
1429
1372
1847
878
1788
1152
1672
707
1940
818
1725
94
1088
60
270
1178
1307
1428
309
1262
376
636
1905
934
1923
585
40
1252
1968
254
998
508
727
1883
214
1416
1642
171
1523
36
1128
1496
1538
1656
1835
1059
1043
1384
1977
811
1972
83
1201
802
1660
295
1904
674
1155
1741
430
167
490
772
1848
1332
71
201
637
1637
2000
1212
694
450
577
1823
263
1845
1160
357
1339
1489
476
542
1438
785
822
1432
1
29
338
423
1920
78
1363
1236
1285
1343
118
1203
1494
1956
761
547
635
807
1627
1197
1231
827
386
225
1188
129
1516
1712
888
1612
474
531
1164
1100
72
607
1662
1692
1958
1778
32
497
1102
304
1403
1925
870
197
1077
232
734
1277
1575
50
732
1214
339
673
787
720
1134
1770
912
1306
1234
247
1344
876
650
678
102
889
1293
1563
151
290
117
1254
1997
1653
544
548
1218
817
959
1113
521
534
1511
277
622
1933
1576
885
1735
268
1912
215
1087
1995
219
49
351
1683
517
216
278
708
535
1282
313
387
1441
1690
43
155
1505
1069
1666
995
1015
1208
1681
331
1545
233
516
1311
1651
1371
1893
1577
757
782
1536
449
1710
1602
13
1569
945
1266
505
112
265
1382
1450
1664
1870
618
1773
1671
874
1004
737
1970
552
691
762
1313
1024
588
1777
1247
1486
1453
1863
1320
389
1023
1513
1704
248
130
279
819
859
955
1624
545
910
158
628
264
361
472
51
921
1336
1440
65
75
1029
1942
524
273
913
763
1316
1960
1232
677
239
326
543
660
144
1479
1782
412
1564
911
1240
1345
1775
1589
1191
99
1678
1049
680
1005
262
1425
234
1935
1598
1190
1443
1676
1167
1600
1636
381
933
758
261
1322
495
595
868
1026
659
862
285
1951
434
716
1038
1006
349
482
1423
1039
46
59
1484
409
1362
163
1779
538
741
1551
12
903
164
235
783
54
700
1365
574
1722
703
1470
175
581
900
1008
1986
860
1525
1250
1610
23
1409
627
654
1910
643
1736
491
1527
1284
1700
271
489
1814
86
568
1251
1809
1903
1856
281
198
286
844
1675
1819
348
986
1312
502
623
1566
334
236
1192
539
231
1161
1206
211
328
1163
615
1618
503
688
873
1603
28
31
901
1119
1927
540
1641
159
1092
1654
884
975
1091
372
1572
857
1174
384
883
1272
1472
1913
228
725
759
461
222
1853
630
329
672
414
1695
1294
1509
1355
1520
794
554
1239
132
1237
1701
1173
632
1094
907
188
755
845
804
346
435
1815
803
972
1749
82
532
410
1261
1388
1503
1768
18
1734
1974
1810
1991
1715
1507
1852
455
1319
1052
1614
325
1466
1890
375
1860
1919
578
1657
1892
940
1941
267
1898
644
834
1073
1255
1717
1781
1975
1983
180
122
1386
369
792
1475
1455
17
668
1755
282
1921
347
436
681
1889
512
52
1595
1817
35
1872
1601
185
366
1417
400
590
1376
784
1302
371
838
988
717
199
676
1076
1617
1211
1599
6
365
477
962
1667
1159
395
1044
1375
359
438
1699
1751
880
1729
105
1430
226
1037
413
565
614
1095
1065
1894
1168
73
196
1476
1732
427
1558
496
1215
206
1391
1646
431
1590
1711
773
657
679
1394
1246
843
1544
67
1411
131
303
218
1182
1398
1871
451
1028
877
429
1367
107
550
663
1216
291
296
1493
1132
549
96
559
664
1524
1219
1202
1882
967
1243
1843
116
1532
515
1368
1979
796
1989
202
1350
1046
965
150
203
1609
1395
1784
1184
1531
363
1694
288
964
649
1404
1186
1909
1180
1548
1289
1929
987
93
629
1064
1464
161
152
1460
1954
1982
62
580
924
1083
1687
599
1451
128
416
555
956
1634
982
1876
1018
115
944
1800
557
610
1733
1126
753
1012
1288
642
1490
1625
1199
1543
1932
624
993
1281
256
976
1074
1260
1397
42
1269
1089
551
1588
1922
57
1138
970
356
875
576
1150
1803
977
149
210
1422
1223
1172
1764
1593
973
960
127
1264
1630
1980
997
751
963
126
808
701
1117
1754
795
1514
1131
1573
408
140
1858
401
343
750
1331
1959
1157
493
953
1287
1758
1604
424
846
1258
1757
1444
437
257
77
1693
1022
1878
41
397
570
1948
837
829
931
863
208
596
1886
170
1541
1193
121
1987
38
33
648
1730
485
1303
1605
1116
1013
300
1964
433
1495
828
1957
1750
1829
890
1273
928
506
1061
1434
893
1996
954
1999
1235
1707
1000
1763
321
266
667
172
887
205
319
1570
778
1740
79
710
1597
1816
865
1791
839
898
920
1245
1468
388
1760
598
1359
1270
244
1009
1253
55
1796
19
22
1256
600
1776
1210
1682
1955
1385
917
1139
714
1379
895
21
1850
425
1918
259
404
1034
272
951
1606
1615
1916
695
209
456
141
937
26
133
689
1500
1826
24
1014
1118
1917
1329
1196
183
190
1221
1993
943
10
1805
1842
1934
379
999
1436
1552
1594
684
815
294
165
1792
301
932
1068
1127
1333
985
1888
1884
652
1019
1299
108
1766
1861
16
1158
1647
1965
1445
739
103
355
1537
1753
1720
92
602
766
1217
774
1194
1670
274
1661
561
1591
194
634
926
1296
666
1427
1677
1124
1373
1688
670
1581
994
260
275
305
518
1063
1275
1540
780
1832
101
612
996
1051
432
1807
1317
1410
692
1746
1360
7
1056
1136
981
1295
1586
1867
354
645
1462
801
1067
1198
658
721
1482
869
706
925
587
1099
705
179
191
1097
1325
1437
462
1568
1908
37
556
1928
586
537
968
1492
1183
142
157
736
1027
125
111
498
1010
460
145
1016
1400
1278
1123
486
979
1578
156
881
1900
186
1170
1685
1902
64
1619
1727
661
1855
1936
1364
711
1481
44
513
813
584
1571
1433
312
1896
1998
353
853
1244
1142
468
1731
1412
816
1546
444
789
1875
579
1655
1780
1658
698
1949
744
1424
1747
230
1292
1831
1144
1456
352
70
867
1633
1620
1679
1452
957
1930
886
1914
61
374
466
1862
852
909
1790
378
465
500
738
137
314
97
1465
1804
360
619
307
1080
1716
1719
1640
1205
1556
470
840
1226
341
492
573
832
380
1351
1353
1463
779
1838
820
1171
693
764
949
1584
1071
1346
1459
756
866
835
1045
1745
1596
34
1106
662
665
620
1962
682
1501
1789
58
415
1901
84
269
1200
14
377
419
315
106
1652
440
1396
91
1290
958
575
457
572
509
390
712
810
625
1873
66
1431
1335
1559
752
1457
1668
494
1885
1060
1806
1207
332
830
1070
1562
1327
452
1879
1891
396
1121
80
403
1358
342
1120
1706
169
480
812
1868
702
1268
1567
1055
1222
1522
655
1547
1769
1911
1645
571
15
1795
1471
864
938
1227
1488
1585
104
1146
769
276
1797
798
1238
904
519
1315
1407
195
443
358
989
488
848
1224
1639
597
1025
1075
1984
990
168
922
1698
930
1156
1454
1880
906
483
858
879
687
639
392
1058
1115
1555
362
1204
1865
252
984
1370
1519
1799
656
134
1644
1840
1082
1461
1924
1967
367
1021
1761
533
1582
1723
310
454
1703
1165
1684
1081
1973
1048
109
530
1318
1324
1517
1141
942
1179
458
181
1326
536
1801
146
601
1079
733
896
1414
1915
1187
1772
1418
1233
821
1298
1726
507
1542
154
902
20
523
1153
340
1007
1550
1798
4
1114
1300
1341
1691
1506
1830
685
1774
569
833
1283
1478
1906
53
223
327
217
221
1648
124
749
631
718
1530
1635
1827
1628
1952
298
669
1765
1866
297
1148
546
1480
1518
345
1828
1249
1953
504
1108
487
1151
836
1228
193
872
966
1036
1185
671
1356
1533
724
370
255
280
1401
1623
1869
1643
405
564
1125
1175
1515
1839
809
1062
1874
770
240
299
428
1485
856
1361
422
475
728
800
777
1787
781
1554
1844
499
1291
1330
113
284
1145
1297
391
1225
1560
1708
237
1946
1574
1267
184
442
767
604
1632
1981
139
383
1649
9
220
1154
525
638
212
941
608
1305
1393
1230
1458
1521
1837
1041
5
337
63
1334
1473
1744
420
1504
1357
89
1971
1499
1771
459
1177
406
1301
754
1342
1105
740
1093
446
1713
402
923
1047
1743
1439
207
641
775
1002
1337
448
799
514
520
699
1420
1739
697
511
1808
1408
1864
447
335
421
1497
611
935
771
1389
25
713
1767
726
473
1135
1689
364
1035
1947
1310
1674
675
950
153
1834
1961
439
567
1137
1209
899
1616
1825
1033
1390
1697
76
1549
1534
227
563
1529
3
919
311
1553
854
1387
69
743
258
441
897
1752
1426
589
166
1446
760
253
723
1406
1354
1841
74
143
522
529
1994
729
971
1085
463
1054
1487
1945
178
200
633
1976
715
683
1001
95
213
398
1587
1276
1502
686
110
242
583
1011
1702
1938
882
469
48
418
1638
613
908
1274
320
1279
1111
1535
238
426
316
1857
138
1812
1969
1467
1309
189
484
411
788
776
939
952
1381
606
1944
68
1110
204
1090
826
1347
1622
1405
616
382
1066
1718
123
1031
1053
1978
528
1380
946
722
842
1469
1897
765
823
1241
1369
991
1129
1714
1988
1042
1756