4785
533
3538
592
3807
814
935
4025
3024
4911
1308
2208
4640
9
3305
1314
1982
4359
2468
2691
928
3606
1125
3804
4186
1874
4070
868
1784
2788
3468
3474
1082
1342
1841
2419
4459
1050
948
1255
2969
443
635
1997
2170
3161
1117
1471
4298
1266
2830
4170
244
405
2106
2042
61
1757
4784
92
1825
2014
4156
755
1732
4261
789
516
2445
882
1506
3091
4214
560
3861
4900
3907
4444
4776
1029
3430
4169
4342
3835
144
2980
4412
4599
2187
1554
4848
1239
2936
4388
4933
1000
1984
813
2100
3170
4395
2312
4389
1661
4577
4517
1647
2723
324
3872
2610
4068
301
2149
4997
721
1401
3246
1685
2464
2275
1979
1998
2882
4508
1130
636
1590
903
4571
969
2078
2320
102
2572
3113
445
4910
3597
3657
2349
4191
4281
3929
4504
263
94
2160
3887
192
3045
457
815
3682
1297
4039
1236
2544
3956
4521
2688
4461
1502
467
1804
4983
1351
1512
2254
4005
3499
1332
1382
2030
566
530
1866
3027
23
2104
381
1061
2029
1820
3315
4429
447
1092
3273
1652
821
1832
1754
1813
303
1459
4713
2719
2686
2676
419
690
2565
3862
834
4991
2732
4717
1462
1912
1294
2277
3466
4724
1751
2817
1060
3191
3096
4672
1030
1275
3781
3909
4992
3837
1116
1485
1040
3779
3199
1535
2757
1569
129
348
1666
1568
2258
3942
3432
310
1331
4303
599
4990
1826
2248
1072
2561
2588
4411
4484
323
3198
3635
1787
3007
108
3301
2848
4137
2267
2487
2982
1755
4257
4287
880
2664
584
618
1418
4184
1556
1526
1610
1800
4052
1392
1791
1995
3370
73
3764
670
385
2341
2233
153
4050
3533
2185
2262
4544
4931
4839
715
3545
1629
3435
4086
1520
2214
2446
2797
3183
1789
4172
2924
1765
173
1133
4406
716
3863
2777
2292
3498
1468
2870
936
3026
3616
2953
4616
2378
2531
2880
79
902
2426
99
2662
866
2485
1306
309
855
2012
273
4856
2510
3507
2440
3225
3797
1640
2556
509
4284
2276
3743
4967
2069
1113
1112
1337
3055
3914
1265
4422
2
382
1959
3275
4584
4404
1345
4343
742
937
1604
1883
816
4009
2994
3957
1109
770
1727
4606
1455
1697
837
1718
2730
3931
1087
1208
3514
944
4620
2766
4285
583
3005
757
2699
3966
2339
2435
505
1465
1249
3623
1405
1603
4446
2194
1878
1258
1571
1235
2935
4049
1251
1144
2971
4361
1796
2182
1424
3017
4363
3001
300
911
2868
4338
4513
4692
4946
1430
3074
722
1580
3735
4340
1131
312
3313
4538
4843
1899
277
4325
4899
745
1309
1650
433
2268
2519
3723
4073
2340
1081
4417
3250
4308
1409
4022
4943
2072
2288
2736
90
3042
4055
4119
3492
3467
4090
2157
2316
810
1593
3046
344
2890
4932
2403
2792
3591
4427
1439
4004
2382
3242
3600
2297
3456
3476
4972
980
3731
4908
2161
2111
4550
4011
2198
4092
818
2609
4551
2801
1481
180
538
464
2802
4873
3137
2428
3540
1054
1598
1875
3044
4447
2989
4297
1837
463
4730
2124
3080
3841
4707
4684
1630
2988
3401
3081
3004
4076
2667
3634
4829
4255
2850
2939
4759
4093
4380
4661
4752
409
320
350
4320
3338
35
2332
3920
4596
811
2116
4582
1300
2986
934
1938
1103
1286
4926
1742
4365
4493
1316
3126
3740
1365
2600
3633
2041
4346
2892
407
1501
2278
2301
2738
3151
3328
3826
3827
399
1672
1015
3719
2074
2359
3935
645
803
4568
140
687
4168
4335
4674
600
3343
3558
4760
2174
1615
3934
4660
1120
2018
2753
241
3426
184
655
4963
60
4798
3140
3879
88
2061
4173
1434
4440
3167
601
3447
3799
4751
4743
81
736
1557
3666
762
1257
2569
1761
1916
11
166
159
3580
1990
3658
346
450
2579
3117
3944
2473
2903
3906
439
506
4506
3868
2540
3483
2002
3025
3988
3709
1795
2893
1355
1055
3576
1717
1724
4458
2603
521
2407
3018
4699
329
590
975
2023
1385
1848
2963
4654
1582
298
2391
2431
2071
2595
384
1802
41
340
1688
2357
1771
2845
1470
641
706
4242
2592
1280
2515
4714
1656
548
2377
3502
68
3310
733
1591
1762
2522
2983
77
179
2414
3802
1319
3619
588
3503
4534
207
4088
1812
4268
768
2962
388
2711
4676
2625
4679
490
1101
4865
3289
2514
1846
3554
4860
1062
1807
845
3647
4665
4108
909
2946
683
2360
2902
3000
1505
1905
3196
1620
1389
4778
1334
3663
3814
149
1728
2294
4059
1274
1562
2700
3380
411
1488
2796
4708
1967
1671
1324
4564
945
501
1032
554
1561
306
2371
4060
898
2999
2721
2974
6
2162
2375
666
3427
3522
2075
1594
2424
2580
1962
2894
4
4259
4809
4549
1612
3345
2706
2329
50
1043
2860
2147
4887
1350
889
2484
3577
1567
2324
942
1626
1890
3304
4898
3309
2128
401
627
3534
2537
4012
759
2518
4104
564
2226
3588
2396
1971
3505
653
1143
4162
718
2184
2784
4133
885
4436
1320
474
3022
4790
4728
3636
4528
773
2447
788
4164
3557
1792
3843
98
2462
3921
4632
1466
3791
2028
3070
4494
1327
7
288
3325
4496
1296
860
1473
1210
227
3443
1933
4185
4381
131
682
4174
3985
713
3617
4767
1811
853
1983
2264
189
1094
3471
4937
2241
2443
900
737
1469
86
4115
2175
2838
3220
4648
3543
3103
4143
3064
2937
2151
1767
3644
2891
3038
3349
4062
379
2178
2593
4702
809
2302
2808
4210
64
3511
3612
2494
3864
913
2502
1450
1708
3179
4405
630
2847
2155
1361
2773
4216
2110
646
3146
1020
476
4113
2271
257
3318
3976
198
1289
2859
1012
308
546
4745
699
4199
1233
1410
259
1980
139
3069
2068
504
1199
3385
3854
195
3253
3975
2716
174
1322
2189
3708
571
2306
3618
895
3190
4867
336
3337
2535
3028
4321
839
2016
243
4369
865
3628
494
2818
2025
549
1448
1858
2146
492
1586
428
2854
4851
2887
2321
2238
1960
1039
4600
4374
669
719
767
3244
3919
686
3157
957
4569
4413
2542
1403
1149
2209
3011
677
3728
206
2373
3475
685
2213
3455
4151
1305
1499
2800
4799
1707
1489
4560
3438
3512
3104
3141
3845
712
1851
1426
2621
3510
4486
4434
1778
1794
1377
4130
1228
3230
3562
3125
2726
4348
2031
3214
4467
2050
608
1148
527
1451
1885
3625
3463
2581
717
214
744
4307
157
1507
3940
3810
3406
2103
2728
3544
3053
2102
4111
4065
2047
1852
3795
3866
2541
4454
3941
3485
4083
1209
1654
2538
3589
28
2410
4802
2032
3278
555
2087
261
2506
907
1376
1572
4473
3775
4309
446
3839
888
2503
652
1773
4126
1854
4377
160
2364
4615
1124
2253
338
1186
4602
1941
946
3524
4746
354
1907
2767
4964
1223
4656
212
3411
1477
2279
4001
245
623
1897
473
2091
2143
3565
4082
4668
4793
82
4700
3707
727
3335
1281
3159
4650
1341
863
2925
4432
1263
339
4291
4957
1352
2039
4253
1190
3012
3646
347
4478
4979
1942
3701
1114
2076
258
2129
4333
2864
1427
3269
421
4987
3160
211
3535
746
4941
2433
2684
4124
1609
1750
4806
689
2266
83
2747
1490
1889
3813
3860
2816
3630
4266
1930
422
4794
585
3395
858
1407
3712
3816
949
2865
3389
4703
991
1781
4319
3122
317
4289
2641
2181
4476
237
1301
3978
1411
2202
1413
1987
1136
1631
3188
1584
3139
4017
4649
1071
4165
622
2196
2740
2343
4519
3201
441
1537
2562
429
2681
1214
3177
3300
1097
1902
4587
2947
2119
1268
4125
377
4667
2153
4147
1031
2417
1601
3036
1182
2778
2904
27
2626
3204
561
4400
276
1806
3023
3363
359
1463
2697
2611
3895
4631
4855
2527
4227
3508
1371
4537
3546
4016
4783
1606
915
1880
2932
404
2855
1799
1810
2158
440
1696
2498
2685
3614
4258
2395
2997
4452
4554
1628
726
1963
1098
4401
2824
3454
1193
2082
3168
2053
1292
3257
238
3355
3419
3462
4128
1735
1919
2416
3640
3991
319
4907
424
2898
4352
2533
1525
70
271
4495
4836
517
3226
3599
1857
3094
4249
4588
167
1079
3757
1608
3189
4489
465
85
2437
2755
4614
550
1850
3147
3790
800
1254
4200
2210
247
4464
136
2973
3871
418
4512
351
4764
681
1348
2960
4138
1641
605
795
4356
2399
4033
366
3048
1253
4438
2080
496
1548
2120
973
3405
390
3574
3613
567
267
2163
2837
4336
4193
4608
2167
2764
4425
992
1001
4430
4974
3392
4322
540
3542
4397
477
483
1704
3704
4158
4217
3162
3778
1749
1945
2394
3830
1457
1633
3610
3765
4273
3695
2731
2917
692
255
613
4593
529
1395
2950
1691
2651
3945
253
4969
654
2911
3101
2401
2283
4837
857
123
854
2313
1715
3822
2746
634
3298
337
489
3407
3418
2347
1267
2135
2967
771
3208
1635
2714
3798
2483
2821
4739
1044
4457
989
3420
1238
1709
4927
3066
3958
4482
4612
4731
4274
3123
3501
451
119
4556
640
750
3578
502
2421
248
3268
1261
2833
2881
4160
3107
4061
3351
2425
4063
3716
3595
3703
2281
4820
3771
1991
3585
224
4772
522
4541
331
2066
3086
4497
1347
723
3811
4930
2665
3493
790
1273
2803
1391
2247
4310
518
1447
2141
621
2975
208
776
4566
960
141
1613
1700
1698
4095
432
459
3450
4282
4302
4021
4437
2219
3950
2607
3288
4195
3111
230
3291
4152
2775
4330
3717
705
4768
4236
1862
1884
2448
2657
1583
799
2188
3715
3982
616
4391
4357
155
4013
3272
711
408
962
470
2733
4611
3423
906
4994
232
3163
531
1602
1775
2353
3120
4028
1551
1824
3231
892
1639
3245
3249
3390
3299
1384
2084
3424
3661
3108
2545
703
4938
4198
2727
763
3222
2539
951
2006
358
870
1343
1221
4711
364
1903
2620
659
2913
1349
2115
2914
3128
2623
2180
54
500
3458
4145
1336
1636
2931
311
2154
378
2908
4042
2220
1881
2799
4831
2791
4078
3497
578
369
1360
3760
886
1723
1049
3788
460
3153
4044
4590
4373
3374
2638
2648
2345
3592
1914
426
4351
1259
1646
4610
3890
1829
3381
1404
1769
1511
642
2048
91
1989
2121
930
1927
2826
1900
624
3977
4046
118
1284
1438
1028
2841
916
1127
3678
3998
643
2630
3525
2577
1913
2173
4277
4688
896
1158
201
2576
289
1231
1529
4101
294
534
4543
3422
3436
4817
3624
3777
3156
4031
2945
3445
3880
406
4045
4609
461
4035
3030
3019
4247
1059
2369
2781
3970
4581
4939
2955
3491
3561
3642
515
1703
2113
51
120
708
3362
3487
4139
872
1788
96
1035
998
1682
3598
386
2661
4929
2616
2896
2228
2787
4693
1864
1293
215
2067
2981
1037
2834
1977
4709
4906
1934
1886
236
462
3267
4766
3229
1245
3992
4780
3751
570
217
2959
1746
2591
2878
4443
738
4840
3582
1720
4264
147
1472
3936
4527
3216
2439
2916
4984
286
3482
1107
2367
4386
1542
2804
3021
700
1454
1161
1909
3131
2186
3372
2972
819
2633
4066
1560
859
4275
922
2701
4902
3744
2317
734
4324
1086
3690
4079
4821
2578
2839
283
1679
2509
2909
2406
4518
4015
3403
3638
1179
226
2449
3529
1859
2525
1184
4006
2088
781
2761
792
4228
2481
707
1422
126
1597
2671
1162
240
3572
321
4410
1313
2423
752
3039
3413
3414
2673
4098
3818
389
1111
3603
3857
437
4370
644
984
2405
3793
186
1999
884
3673
3937
787
2033
2643
2653
3859
2543
3821
761
3076
2563
172
1100
1975
2458
4481
2442
4883
2255
1483
4635
3615
2500
3626
2941
1872
3699
471
135
292
663
4106
2134
2225
1346
4114
220
1513
2644
2985
4526
4771
2114
3262
4466
3583
4223
1153
3490
1178
2004
2942
4267
4757
968
2000
1085
2420
3088
109
2308
2309
4032
4272
2712
995
1416
3521
3264
93
260
4280
545
835
3089
4998
3773
2286
398
595
355
39
4222
1655
4680
484
3725
2127
2587
3072
3324
1952
3144
3559
921
556
3705
1838
1849
2749
4637
4563
1203
4893
2745
1276
2998
4057
3829
2596
4260
3240
4127
628
3930
1924
2789
3763
939
1172
290
784
4387
1756
3312
3833
3520
4842
4477
4603
1581
3336
4094
12
3918
847
1038
177
3881
1464
2552
977
1743
4243
2201
1915
4390
747
2412
2907
3102
4097
3553
3874
4462
572
933
4265
2493
920
1985
1057
3653
391
3631
4424
444
3142
3754
730
1013
3232
619
2001
2589
72
349
4237
843
2677
4641
2724
403
1842
2888
4190
1402
393
602
2944
4171
1722
2922
4682
4465
4816
1106
3035
4960
4642
3749
1576
2224
3772
4689
4256
1815
2136
873
2866
2554
3331
2666
4891
940
3925
4720
691
175
2372
867
589
2575
3192
3969
4753
3528
4725
4736
117
3359
4456
2869
4976
2289
2798
4741
1105
1920
2725
3333
1420
3831
3713
228
266
1910
287
743
1134
2388
3650
2516
4542
836
4993
4318
3067
3672
593
1510
3824
3897
4540
499
665
2169
3187
610
1764
3360
3687
4433
356
3394
3896
2089
4311
751
2534
883
2052
1246
2782
1668
3677
3276
1929
394
2582
2744
4084
4973
1716
4354
4888
1686
2131
3736
2315
2574
3834
2526
3734
1307
1589
299
1611
3118
4332
606
133
3484
4915
2674
284
1126
4547
840
4134
3060
1734
3059
1456
3700
4669
923
1660
1157
1969
3428
3473
4536
262
3637
3659
4334
2523
807
2594
2915
2979
3569
4601
3003
3924
4578
3959
3972
3537
725
4524
2204
332
3399
1923
3478
3402
282
4971
1363
1446
4121
4687
1436
1819
1009
1414
1543
2825
891
1264
3314
832
1145
775
3515
2806
3307
4208
250
1840
2976
4142
2524
3150
2191
3564
525
4316
4959
2456
4409
1617
1312
2718
3206
4657
3587
3453
2099
823
1853
2298
2940
4503
1398
2077
1879
2235
3259
480
2122
2327
2344
4722
2400
4030
327
4328
2550
3980
2402
2636
1220
2199
2992
3352
2897
4290
1579
3850
1714
2715
4313
3671
1074
132
2760
142
485
1873
4955
796
2366
183
370
4721
2529
25
1189
963
269
520
1492
1894
34
3724
4116
4797
3912
4081
4368
3888
4594
701
3838
197
2517
3255
2037
58
425
2938
4176
1056
2096
2398
1713
3195
2758
3054
4622
856
919
3317
3922
2943
1379
3227
4755
1115
1408
2742
801
106
2461
112
2346
2011
2007
1770
1867
4920
3334
4053
4706
778
3532
1132
1906
2695
1397
4470
4903
1827
2098
4852
786
2092
3404
3692
410
1433
1523
3899
702
3530
3803
4087
1299
285
864
2597
2240
2683
3556
4629
4901
2827
947
1155
3568
4861
4947
3989
2871
4561
4894
871
2245
4922
1139
1790
1204
3202
4846
2094
660
1431
650
2814
831
2466
1017
1419
4511
414
2467
1860
116
4644
2334
1740
4500
3710
4499
30
1026
2342
3073
3923
3986
1986
3967
4651
4923
1011
1213
2413
953
3178
3892
4103
3322
3780
579
2918
4944
626
3698
4643
3116
3286
1165
1564
2934
4586
219
1550
2586
4122
4716
4834
4010
4107
1958
2763
2919
4327
3323
3828
4414
143
999
3470
4034
4774
234
4451
1653
2457
3469
4375
3954
4271
89
210
1592
4585
430
2528
875
1711
2251
4187
2200
2005
4206
676
4392
1241
3280
4949
1948
2809
3112
3166
3446
4102
4847
187
4177
4850
1623
216
434
1498
3756
4624
2511
2549
199
1514
4828
1693
1563
2829
3224
3041
152
918
997
1375
1219
3679
2165
698
49
1616
638
3758
4118
1828
2430
105
3789
3321
647
3444
4350
1435
2954
1
987
1362
2054
2772
4928
4729
38
4965
3412
1290
2658
2672
3908
43
456
753
4353
1390
4726
1084
1156
740
1066
4468
3851
2409
596
1555
256
4376
580
4166
3265
2429
2013
2822
1140
2269
55
74
2629
3261
487
169
2883
3560
938
3235
4879
3152
2482
4844
4686
2257
4048
2296
342
563
4795
2390
1744
565
360
3683
2227
3685
3256
2717
3755
1817
2771
4531
4897
3185
4866
3965
4758
901
1956
4213
1270
2020
3622
3481
4491
2295
848
3552
274
1670
3714
413
1487
438
4026
202
1968
4043
4683
2499
4416
305
4589
1495
373
1605
4681
988
2259
63
651
2501
2756
42
2770
2912
4155
869
3431
4597
2365
4773
1798
4715
2333
2285
3681
114
2873
2920
3953
782
3994
674
680
3955
2451
3738
1354
2961
3344
1706
1128
4909
1232
1089
4913
53
1570
4889
1484
2635
4349
1135
1964
2990
758
1053
1665
47
1753
2815
1421
2034
1007
675
979
1805
3203
376
1315
2851
766
2602
4989
2650
2179
667
3696
3848
218
2105
1004
4562
2876
3984
3172
2703
4420
827
4975
302
513
1243
3721
1947
3127
3675
1888
4293
2877
2015
3974
4555
4874
2856
3085
1174
1690
4449
122
1976
3730
4673
569
103
435
3819
1664
1925
2195
345
648
541
3382
1406
3767
2138
3386
4811
4704
1096
2045
1269
1417
894
2823
4996
1988
4014
2512
361
2236
881
2044
498
2432
3741
2079
2546
4315
576
709
2497
2520
4868
3555
1803
2794
3200
3549
239
4800
850
2632
2696
649
961
2491
3158
3270
3480
482
4100
2793
2304
2362
4056
1596
812
1657
3176
2035
3660
4788
4179
3513
805
1712
1167
1262
2164
423
1553
2471
4966
3292
1763
2900
3722
3358
994
4862
1075
4950
1048
4192
3566
4154
4890
3165
1216
1530
2786
741
932
4305
1731
1070
2152
1808
2273
586
1033
3376
4419
472
46
2361
2926
2601
2820
3015
3489
1177
1836
4483
4781
1895
2776
3378
1508
1169
2663
3034
1532
2203
2899
1978
2957
1073
2640
3506
242
1339
2126
1844
2614
2884
1733
3486
3823
13
3993
672
4479
4553
1845
2352
4296
205
2828
1317
2584
3409
825
1047
1904
3519
1119
4623
495
4263
80
2495
412
2805
3009
3946
3753
3902
3964
890
2229
3750
2560
468
581
1951
2059
2861
3410
328
297
1527
3913
4018
2812
4140
4254
4570
3008
3876
4023
4448
1291
783
905
3031
1195
1918
528
1372
26
3649
1225
4565
844
765
1400
1669
4150
4924
3145
4189
458
1367
3043
4770
3415
1651
1992
3350
4488
4248
2256
2704
2356
2231
380
3817
3820
3233
4841
4135
1736
1202
2991
4617
95
3258
3928
544
2197
1077
1338
1701
1170
1380
367
4789
4749
3219
3391
3252
2026
4822
1425
31
3792
3605
3180
3594
4027
1051
1152
924
3327
3844
315
3109
4769
2142
3770
4367
1370
1234
1822
3186
2978
3266
954
1814
4209
3547
982
1943
1010
3968
4532
2108
3607
607
609
876
879
2193
3294
4573
78
2418
4533
1559
2234
56
2615
4671
2123
4978
4505
2455
4301
4953
1325
3078
2751
2863
1328
519
2622
3990
4471
2218
2583
1752
2490
2557
3608
1283
637
4020
2831
1141
2858
3742
3133
1721
1460
1445
363
4501
2768
3768
4047
3842
1200
3584
1574
2987
4835
2434
817
4653
75
552
1921
1871
4857
4988
1192
1453
2570
318
4276
2647
2507
1357
4750
168
914
3840
352
44
154
1643
1021
2282
2476
2374
1147
3095
3747
4161
3590
3849
4167
1497
1801
4146
2422
2480
1658
4182
1739
4664
2566
4863
281
2774
1480
2065
1994
2759
1215
679
4619
4697
1227
2655
2929
4379
497
694
2819
3329
2734
4329
2813
3926
3748
2293
2968
1865
4136
2009
3852
562
2415
4221
3729
1383
161
774
4655
4786
137
3943
3092
3181
4980
45
2571
2659
3596
4872
1211
524
3110
3451
2326
1440
145
2460
4591
4701
4878
213
3865
4085
4153
910
2133
2637
972
1729
4445
3379
1695
2058
268
2853
4639
1207
2022
1578
4859
1818
455
1146
2389
3037
3174
4970
2486
2427
3049
101
2156
594
181
330
3295
597
3917
4761
22
4460
2769
1674
3439
4194
4232
851
1478
4314
4734
3251
2358
3805
32
2222
146
4120
4075
3858
1295
125
1705
4347
4814
62
3632
3281
582
165
3488
1197
1545
2384
2453
229
899
2305
1524
4744
1835
2322
3184
4666
4628
3084
4775
625
3847
1045
2307
2590
4803
475
3947
182
15
1229
1394
3155
3274
4956
3143
4833
322
1058
1974
3846
3581
1937
1217
4735
1036
2109
3465
804
1681
1768
448
2436
4618
1122
84
2132
668
2055
2564
2737
1442
3234
587
2118
2679
3006
4801
1042
4575
4545
1378
1595
1123
3784
4393
2049
1333
1444
279
1908
4250
4355
2284
732
254
4756
1541
3688
124
1366
3052
598
2567
3263
661
3393
2844
4364
2713
314
4940
1892
4520
19
1516
71
2875
4605
3979
2654
3691
196
1882
3016
2720
3330
2270
4157
3277
1279
2832
3915
392
3938
491
4787
735
1877
4002
970
1758
1176
3800
334
1076
2159
2348
3316
2331
3878
4869
2166
4485
1831
1957
4072
4339
754
2617
808
2221
3686
2291
3254
4523
2612
415
1627
1659
2411
2951
4826
2811
280
4262
3999
3212
985
3601
2386
383
983
436
2606
852
1329
2408
3164
3856
3357
2216
2459
4712
2325
1024
2785
4718
225
1368
2043
4509
4685
3040
3341
371
4691
4064
4678
2338
4366
454
1780
2287
2879
4099
1423
4733
3148
4441
4986
2548
1278
4337
4358
3509
3247
2137
3215
4144
1777
2330
4824
785
2475
3575
3047
24
2521
316
1159
3079
2492
976
1528
4418
2008
2930
1518
375
1759
4948
1063
1205
4884
4961
507
4607
3648
749
3567
4663
728
3207
4207
191
1503
577
4737
4925
1644
2207
2508
3197
4579
1876
2708
874
2675
780
4040
4204
1272
4515
591
603
688
791
990
2668
1353
2328
3282
1549
2323
2639
3702
1185
620
2505
4211
127
1344
2085
1675
3421
4036
3319
656
4069
4235
1766
772
1088
1939
453
802
2010
4514
4754
1118
138
3106
3870
4539
341
2354
2652
1737
2206
1318
4580
912
3356
2694
4439
3689
2232
3629
3373
3340
4805
1256
2748
2895
357
1676
1129
4205
908
678
4919
185
1536
3664
3961
2474
3825
777
1624
4727
3962
2470
2949
3889
2056
1662
2559
1823
1181
1911
2642
993
1491
2177
2265
4904
1816
2750
1003
1288
3105
3782
4914
4918
1432
3121
739
1521
4091
1692
1625
270
3602
3997
4455
325
2252
4854
877
4299
3948
1242
2438
3010
4288
416
2101
3952
4487
1022
4557
3058
3981
4995
3836
965
307
2933
3464
1961
3364
3429
3169
4117
4492
731
553
3452
3211
113
2765
1856
2363
662
4196
1452
66
3873
4203
1303
573
1374
52
293
704
1760
4719
929
3013
3593
1065
1747
2040
1774
1834
222
1064
3910
3996
1018
2310
1428
4472
3875
1091
3987
838
1412
2290
3697
604
1302
1830
1896
3077
4779
40
365
2107
2392
3090
3477
3154
4853
1175
1298
2885
4286
3097
3293
3296
3071
1926
2693
2318
1648
3354
3885
1014
427
1166
1782
4426
664
1387
4463
4219
2081
1683
2722
941
2090
2857
1226
2692
1809
3579
760
1475
190
2553
2624
4535
304
3032
3676
684
4598
1005
4245
4792
862
4796
1847
4595
2397
2335
1121
2966
275
3651
4621
964
849
4132
4180
917
1730
3441
36
4105
3832
3353
3551
793
2558
296
1151
3639
2212
1142
558
4225
1494
1618
333
4516
537
158
543
4435
4877
611
1194
956
523
3130
4480
3449
431
163
313
1068
639
629
4382
4695
1940
3124
1917
1509
2261
2905
4592
3375
710
1649
2183
4812
3609
4830
4270
3132
1187
1621
3448
952
4633
842
1772
632
2336
3541
469
1041
4813
235
4945
981
1699
4246
1710
4378
3239
532
4475
1137
1519
4510
2139
4916
3737
3762
1861
3746
4886
4396
2872
2964
4317
1095
2680
614
2779
4226
3627
4670
1386
4807
67
4647
4175
3461
3620
1358
4239
4613
3727
3694
4507
2551
162
3855
3332
2063
3652
2862
2906
4402
478
3460
4791
1950
4300
539
1474
1619
3210
1083
3548
164
1248
2849
4292
1078
3369
3526
249
2568
3901
2311
1946
2846
764
4218
1108
4181
4636
134
1171
1356
3494
1544
2246
3898
3496
794
1673
3065
1677
2840
2095
3883
4428
3939
4326
3655
3129
2754
4344
2656
4360
150
3346
4985
107
1965
3752
3057
3656
3457
1154
4283
2130
2608
3228
3531
3891
1173
1326
1250
2148
503
2337
2739
3417
400
3115
4675
1237
1540
3641
3884
2573
2682
3408
3604
3138
4229
2678
4269
4765
1023
904
2263
4074
4096
833
1067
2097
3786
69
526
693
3726
3769
4251
2171
4234
2631
2690
1304
1922
104
4880
3960
1201
1461
223
2140
3776
1240
1323
3217
29
1006
2478
3668
1638
2441
2874
1002
3056
1566
1680
3621
1052
3670
2705
4935
3654
4201
37
1869
2689
3759
1702
2380
1954
265
536
1893
2634
2243
4742
1222
3586
4977
966
203
3213
33
1252
1311
1797
2379
1016
3068
2477
3927
2038
2450
3573
3238
3271
2702
4864
542
1863
3500
897
2842
1069
1224
2604
2993
697
4383
4819
1531
1538
3794
2807
4183
3571
1271
4159
1340
76
3398
4294
1415
3303
3815
4109
1160
1110
4583
714
2250
1955
4849
2064
1600
3173
2112
1694
2093
846
4885
4323
514
996
2687
3808
2513
3285
3667
4019
5
893
1046
3479
493
1282
3971
3311
3400
1369
3995
14
4244
3539
2970
3099
4407
368
4398
568
826
4968
673
3425
395
2465
4696
2051
3504
1437
2547
724
3665
4399
121
3348
4372
955
1196
926
176
3083
16
2645
931
2176
194
1891
4658
2889
3002
4490
402
3516
1247
3963
3051
1868
3669
3366
1034
2479
2886
3867
4442
4548
1212
3320
3527
2239
4808
111
2927
1206
1429
658
3093
2021
2752
1689
2350
4823
4148
1614
4024
3339
3075
2249
3371
1168
3739
2144
4572
4652
4312
3365
110
2488
2795
4815
1008
2901
59
1373
1381
3050
3260
3761
2314
3893
3243
4881
3809
1634
3383
1785
1996
4306
4876
151
2536
3290
3098
1458
3796
3643
4341
2952
2003
1726
4415
3237
779
878
1164
65
1191
1399
3283
4604
3437
4421
5000
442
4627
3674
617
2469
4558
4677
3136
2381
2958
3645
4394
1953
1585
2370
3983
4630
2996
3812
3662
3175
4252
372
1725
4895
21
4659
820
3029
3082
479
551
1364
2299
2735
4051
696
1150
1973
3367
671
1687
3911
4041
4371
1330
3100
1310
3806
3801
574
4858
2272
4129
4233
1839
1218
4077
1396
4962
3440
2729
2117
3388
2086
2780
2660
2867
861
633
4646
1449
209
841
452
769
2843
4502
4982
4552
1607
4958
335
2454
18
374
3905
2928
3326
4231
1843
4240
3745
2019
3894
2472
2230
246
943
417
2504
4698
547
3020
4385
4530
1522
1637
4838
3720
2215
3223
4450
2948
3882
3442
3134
4567
3433
4638
1719
4804
97
2368
1244
2836
887
2083
1090
2172
1467
4934
2852
2463
4896
488
1642
3684
535
3063
3517
4810
3711
2351
1748
2073
3570
3783
4732
1599
2613
2669
1104
1936
2319
3306
3384
4469
1558
1587
4431
4740
2190
2387
695
3869
4662
4110
1198
824
2027
2743
3397
148
512
2910
1793
2300
4067
4870
343
1188
1901
3087
4892
2145
3396
3416
2709
2710
1500
1741
3932
3933
4694
4936
959
2211
4723
2618
510
3563
2057
1496
1335
2274
3193
4782
2385
1684
2017
4384
4230
1622
4905
3495
4423
4710
204
612
3194
3209
2649
1552
3949
17
2205
2646
1534
2627
1932
4574
362
2984
2956
1476
1588
4403
2237
1786
387
2496
4625
4762
4818
48
3205
1928
4058
4149
2489
1080
2598
3536
4362
2530
557
2303
2062
4634
1573
2810
1632
3302
291
449
3248
4408
1833
3061
3062
631
2192
2060
4080
4278
615
4123
353
396
575
1738
1972
1547
4832
170
3693
4912
2923
4952
3518
4763
115
4522
1388
193
3
3903
4071
2532
2698
1504
2977
3459
4345
1870
420
1180
1783
971
3706
4748
1981
4875
748
200
1027
2628
2393
3342
4954
3287
720
822
1970
1441
4705
1663
4690
1533
4295
4825
756
1093
466
4141
4279
1443
2741
3680
231
252
3900
156
4951
4474
3135
4008
2217
1645
2036
2046
2260
4845
806
1887
508
4212
958
4037
1966
1099
2965
4029
1949
2355
3114
4224
657
4241
2404
3434
4089
2619
4331
1515
3279
4525
729
927
2605
4559
3033
3916
1019
1944
4163
4576
1493
1855
2452
950
2223
2670
3718
481
1745
4626
3472
4645
2585
3119
797
4529
3236
20
1678
2242
3886
3774
829
3347
1230
2555
3523
3361
2835
4942
967
3284
10
4747
3171
4453
2168
1287
1321
1393
1779
264
1138
4917
3297
3377
4220
278
3221
1277
3241
4054
4546
4882
57
272
4038
4738
3785
233
1025
4178
978
1183
4304
188
4007
4112
4238
1539
3877
2125
2790
3014
3368
798
1993
2599
2024
2280
178
511
1517
4131
4215
4871
3611
3951
1931
2244
3308
128
559
1821
1577
986
295
1260
1575
3853
3973
100
8
974
1935
3550
3904
1486
1163
2995
4202
3387
1776
2762
3182
2783
130
4981
3766
2150
3732
1102
4003
3733
1565
2444
2921
4000
1546
4827
1898
326
4777
2070
828
925
171
221
397
2707
2383
4197
1667
3787
486
1359
1482
2376
3149
251
830
4188
4999
87
4498
3218
4921
1285
1479